 53520      519       6       3       1       4       5       2       6       4       2       5       9       8       2       5       5      10      13      12      20      36    1032    8810 
 53140      543       4       1       0       2       3       6       5       3       5       6       8       9      11      14      10      11      13      22      31      49    1146    8641 
 54015      570       2       5       3       5       9       6       6       3       8       9      10       8       7       7      13      17      10      23      33      45    1280    8491 
 16883      599       5       8       5       6      11       6       6      10       8      12      10       6      12      11      11      24      17      26      26      54    1569    8157 
 53595      601       6       7       5       7       6       6      10       8       8       9      11       8       9      12      14      12      19      36      29      29    1239    8510 
  9498      617       4       9       4      11      11       4       9       6       5      13      10      10      13      16      18      12      27      35      35      79    1503    8166 
  6791      643       2       4       7       6       4       6       4       5       5      10      11      15       9      12       9       7      16      20      20      42    1132    8654 
 23242      650       4       4       4      10       8      11      12      16      14      12      12      13      15      25      18      23      23      34      33      73    1505    8131 
 13219      664       8       6      13      10       7      12       8      15       9      13       9      14      13      13      19      15      28      27      35      65    1488    8173 
 22798      680       8       7       6       7       9      10      10      10       7      10      15      12      14      16      22      14      25      39      38      75    1615    8031 
 39107      680       6       5      12       3       7      10      11      13      15      10      12      13       9      18      15      33      29      28      32      65    1588    8066 
 32276      682       8      12       8       5       9       9       8      13      19      15      18      18      18      15      25      26      32      37      38      56    1583    8028 
  2220      683       5      11      11       8       8      13      13      20      17      13      14      13      17      19      23      27      25      26      33      66    1371    8247 
 22947      683       2       2       6       9       9       7      12       7      13      10      12      10      11      14      18      10      19      29      32      54    1422    8292 
 52803      693      12      12       9      10       6      12      10       4      11      14      18      14      18      17      22      17      22      30      43      64    1538    8097 
  8300      695       4       4       9       3       7       7       6       5       6      10      10      11      16      17      14      17      18      26      32      48    1348    8382 
 41558      696       7       5       9       9       4       7       8       9      10      10      12      18      17      23      16      26      20      36      49      46    1515    8144 
  1149      698      10       7       9       7      10       4       5      10      17      12      11      11      11      21      20      20      27      33      43      64    1511    8137 
 26906      725       9      10       8       9      10      19       7      11       9      16      20      15      20      19      22      15      22      29      33      47    1519    8131 
 28068      736       8       8       6      13      10      17      14      10       9      16      16       9      14      17      12      20      23      20      29      60    1371    8298 
 14944      742       8       9       9      12       6      16       9      14       9       7      15       9      20      17      24      21      27      28      29      54    1383    8274 
 52951      752       6      12       9       8       6       8      19       8      15      19      16      17      23      16      25      24      23      27      46      56    1605    8012 
 25866      760      10      13      13      12      14      19      18      13      11      21      17      22      16      31      22      22      23      40      45      74    1510    8034 
 12310      761      10       4       7      11      12       6      11      10      14      19      18      15      18      12      18      26      17      29      33      61    1557    8092 
 36988      763      10      10      11      16      19      10      10      10      17      13      16      18      20      23      20      22      23      41      36      54    1696    7905 
 41020      768      12      14      17      12      18      13      11      17      18      20      14      18      17      25      26      24      30      25      42      57    1709    7861 
  4796      773      11       9       8      19      13       7      11       6      13      16      12      18      13      20      18      18      19      43      46      65    1383    8232 
 24596      774       9      13      20      10      21      22      19      18      23      22      18      14      21      18      28      22      30      31      60      71    1677    7833 
 37515      780       8      11      10       8       9       7      10       9      10      10      19      23      24      20      21      30      29      28      30      47    1554    8083 
 17004      781      13      12      13      17      15      22      19      21      29      20      21      24      26      17      26      34      40      35      51      73    1754    7718 
 14258      792       5      13       8      11       8      10      17      11      14      14      16      21      22      24      28      24      32      31      44      66    1584    7997 
  8722      798       9       9      16      15      18      14       9       8      11      14      18      21      26      20      27      27      16      40      48      57    1710    7867 
 15560      804      14      12      13      10      18      13      17      17      10      15      11      21      18      29      31      35      35      44      53      72    1737    7775 
  3285      805      11      15      13      10      12      14      10      22      13      20      23      22      22      18      22      24      26      44      45      71    1689    7854 
 52639      809      10      14      14       7      13      13      13      12      17      14      22      17      23      27      19      18      22      30      42      55    1522    8076 
  1123      812       9      17      15      14      18      14      18      16      31      16      19      22      39      15      31      30      35      38      42      64    1650    7847 
 21576      817      11       9       3      10      14       6      16      13      14      12      19      14      23      18      19      27      25      26      29      49    1418    8225 
 14621      818      12       7      15       9       8       8      10       5      20      13      18      14      20      28      23      23      30      28      41      65    1545    8058 
 18770      821       6      18      18      12      15       8       9      20      24      20      14      25      18      26      27      26      28      39      54      72    1604    7917 
 39164      826      10      10      16      18      13      15       9      11      22      21      10      26      14      29      16      29      33      29      37      54    1525    8053 
 13920      832      13       8      16       6       4      14      12      14      10      11      17      17      14      26      18      20      21      32      32      55    1436    8204 
 13128      833      13      20      17      14      16      17      17      17      24      21      27      38      25      32      36      43      42      51      48      88    1811    7583 
  4416      841      16      14      17      18      17      18      16      18      24      17      23      27      26      25      27      21      42      49      40      68    1830    7647 
  2154      847      13      11      16      13      13      17      20      17      14      21      17      28      23      29      37      31      32      39      42      45    1712    7810 
 25817      850      19      14      21      16      20      13      21      21      18      20      23      15      25      24      25      34      37      26      56      77    1795    7680 
  6296      856      10      13      13      13      13      24      16      15      10      18      15      22      21      15      30      19      38      36      41      64    1621    7933 
 64683      857      21      13      17      12      16      20      19      19      22      26      20      22      27      27      28      37      51      40      55      85    1760    7663 
 53306      869      17      22      16      22      12      27      17      32      21      30      27      28      21      33      36      40      34      46      56      80    1762    7621 
 31393      877      15      18      17      20      17      18      13       9      28      19      37      40      33      33      40      33      44      54      51      83    1930    7448 
 32755      881      13      13      19       8      15      23      19      14      17      26      20      18      24      23      16      26      37      33      38      56    1611    7931 
  1081      886      17      29      18      20      28      20      21      26      20      24      23      32      25      34      30      34      53      55      59      96    1908    7428 
 30098      888       8      26      22      22      20      23      22      16      28      21      29      24      23      30      30      36      40      36      54      79    1661    7750 
 53546      895      24      16      13      11      12      20      14      18      14      27      17      16      27      24      24      37      32      28      43      57    1594    7932 
  7054      900      12      11      16       9      18      11      16      19      23      20       7      19      25      26      27      24      33      31      40      61    1591    7961 
 22178      903      14      14      19       8      11       9      18      28      17      25      25      29      18      32      30      35      33      40      45      61    1827    7662 
 36863      908      13      16      21      17      23      19      19      21      14      13      19      18      13      27      32      32      29      49      52      55    1751    7747 
 42218      909      14      14      16      18      16      20      18      11      11      20      20      20      30      16      33      21      32      43      39      62    1689    7837 
 22111      912       7      15      22      32      16      37      24      27      29      23      39      25      25      40      33      30      44      49      62      75    1969    7377 
  7310      917      22      26      24      18      22      20      25      34      25      25      26      33      27      43      33      46      52      55      71      73    1870    7430 
 38588      918      13      20      15      12      15      16      13      17      19      14      24      22      19      29      32      37      31      38      39      51    1467    8057 
   463      937      23      19      18      30      27      28      25      18      23      22      27      28      28      40      31      40      41      63      65      50    1895    7459 
 34561      947      21      13       6      25      21      19      17      30      15      23      25      31      22      30      34      38      47      41      50      61    1949    7482 
  5876      949      21      28      21      23      17      27      23      31      29      24      24      29      42      32      34      50      55      51      64      95    1978    7302 
 21246      958      20      18      30      14      24      18      20      27      27      18      26      27      36      29      36      34      39      48      40      56    1671    7742 
 10272      962      13      26      19      19      18      24      20      23      27      38      37      34      33      37      44      34      50      51      49      58    1811    7535 
 27680      965      21      21      23      20      16      24      19      19      15      31      28      23      31      32      31      31      41      44      55      63    1736    7676 
  1297      966      21      21      20      23      15      20      16      21      26      30      20      25      28      41      31      40      49      34      48      55    1729    7687 
 33555      967      15      29      34      26      20      20      32      24      32      32      35      23      35      35      35      45      56      50      62      74    1896    7390 
 42408      981      21      19      21      30      24      29      19      32      34      29      33      19      32      42      50      41      41      43      60      57    1990    7334 
 23119      982      20      24      18      28      31      27      26      30      32      22      38      32      42      58      34      46      54      66      65      79    1976    7252 
  8298      985      29      31      21      17      23      23      38      33      29      29      34      44      47      39      40      24      53      42      63      69    1880    7392 
 25932      994      29      21      26      22      23      31      22      31      25      25      26      29      38      40      42      52      57      41      54      63    2043    7260 
 38950      997      18      22      24      14      26      28      29      31      18      22      27      17      32      30      38      38      39      37      51      49    1919    7491 
 35477     1003      27      20      28      28      21      41      31      24      28      39      34      27      32      51      32      34      38      57      63      53    2103    7189 
 40964     1004      30      18      29      22      22      18      31      29      26      31      20      26      28      26      29      40      27      53      58      60    1754    7623 
 16154     1006      20      28      28      21      24      30      27      22      36      26      34      35      36      30      42      33      45      60      53      70    1847    7453 
 62489     1012      27      32      28      29      33      28      30      29      39      44      34      37      27      35      48      45      46      53      54      65    1971    7266 
 12500     1021      23      25      23      23      35      24      20      32      32      22      34      50      27      37      37      51      39      52      49      64    1999    7302 
 15214     1031      36      27      29      28      33      35      26      22      32      32      47      38      32      45      41      51      42      70      74      86    2060    7114 
 42796     1051      29      17      22      26      31      17      28      34      15      24      28      32      24      40      31      35      57      52      55      40    1875    7488 
 22871     1066      30      15      15      19      24      31      26      31      30      30      30      34      37      36      39      35      45      34      41      42    1892    7484 
 68502     1080      24      23      31      28      24      35      25      19      19      38      34      23      44      40      43      30      40      45      52      60    1834    7489 
 68551     1082      20      28      19      24      23      21      26      38      35      25      33      25      31      36      30      42      45      41      50      53    1766    7589 
 35089     1083      30      31      37      37      23      29      29      37      32      44      33      51      35      39      47      58      50      58      59      57    2133    7051 
  3996     1086      32      25      15      17      22      29      21      28      27      36      37      31      32      37      38      38      40      45      53      43    1722    7632 
 40758     1089      22      31      29      22      32      35      23      28      32      31      40      42      24      47      31      49      47      60      46      37    1833    7459 
 27367     1095      18      28      28      23      25      22      20      16      21      32      24      37      32      29      38      54      46      38      47      52    1732    7638 
 22566     1099      35      21      30      23      39      41      43      41      35      41      39      43      43      36      51      54      48      66      56      61    2265    6889 
 35956     1104      24      21      18      26      33      25      34      21      30      36      20      37      35      39      31      33      61      49      44      50    1879    7454 
 29330     1105      20      30      19      24      26      21      28      31      39      27      27      42      38      40      45      36      39      49      48      48    1905    7418 
 37481     1107      30      29      30      25      36      31      21      35      46      35      41      40      47      42      39      45      67      64      52      69    1929    7247 
 37598     1130      34      40      37      30      34      40      28      45      46      44      37      47      67      53      52      52      65      71      73      76    2158    6871 
 61812     1136      22      28      26      24      37      30      32      27      26      31      33      27      31      45      39      50      33      42      62      49    1937    7369 
  6494     1137      39      40      22      32      33      32      32      32      32      38      38      35      42      45      41      53      57      59      57      49    2233    6959 
  2709     1143      31      28      24      30      23      34      29      28      25      37      35      36      35      32      43      45      54      39      53      47    1763    7529 
 38109     1143      25      28      27      19      30      32      34      35      38      34      41      37      29      45      39      50      47      43      62      70    1938    7297 
 28605     1153      34      29      30      40      33      30      26      28      33      50      34      40      34      40      44      57      47      56      55      58    1983    7219 
 39602     1158      23      22      17      32      28      30      28      28      31      29      35      32      37      32      33      39      39      48      47      41    1725    7624 
 41368     1158      29      23      26      27      35      46      28      22      33      36      43      31      37      41      35      44      44      43      49      45    1954    7329 
 13136     1169      27      37      27      28      28      24      34      32      34      34      41      51      30      43      52      45      53      61      55      53    1996    7215 
  4770     1182      39      35      35      31      40      38      26      36      34      39      49      46      47      61      42      49      57      48      57      54    2182    6955 
 64147     1201      29      33      33      30      35      41      48      36      38      41      43      47      31      39      61      46      42      60      45      46    2033    7143 
  3467     1203      21      21      27      29      34      37      28      27      44      27      32      50      37      32      36      45      50      46      45      43    1790    7499 
 36962     1206      49      42      40      54      39      42      46      42      51      43      47      50      51      56      59      56      74      78      53      71    2156    6801 
   687     1208      27      33      22      25      19      30      25      32      51      36      42      39      39      36      46      33      44      53      47      40    1818    7463 
 26302     1208      44      43      39      53      34      41      44      57      46      34      53      50      49      55      59      63      55      61      67      77    2164    6812 
  1388     1213      45      24      33      26      46      39      37      27      34      33      42      42      60      40      37      34      48      50      57      45    2026    7175 
 27334     1215      42      45      52      52      39      47      46      42      48      42      48      45      57      57      63      52      73      64      62      64    2239    6721 
 27573     1215      34      31      42      40      37      31      31      50      46      35      41      44      58      46      58      57      50      57      58      64    1963    7127 
  3061     1216      31      36      48      35      51      39      49      51      57      47      55      53      54      50      56      62      55      58      73      75    2151    6814 
 11791     1223      27      29      28      37      28      31      32      56      47      35      40      50      54      41      45      45      42      51      48      56    1976    7202 
 14365     1234      43      43      43      53      37      49      35      42      53      55      59      61      48      56      57      69      63      60      73      63    2089    6849 
 11692     1236      29      32      32      43      31      33      37      40      31      42      51      45      40      46      60      46      47      52      55      45    1945    7218 
 26336     1241      32      26      39      27      33      35      47      37      35      46      26      34      42      28      34      41      37      38      44      62    1834    7423 
 32508     1244      30      32      39      31      25      27      31      36      38      44      43      48      49      40      49      49      41      45      56      49    1838    7360 
  1545     1254      26      37      30      42      37      42      36      46      37      38      49      35      53      48      63      38      62      44      48      56    2125    7008 
  7930     1254      38      39      40      52      42      49      37      41      38      37      38      52      56      55      58      54      72      71      57      72    2015    6987 
   810     1268      33      38      32      44      29      33      39      42      46      44      38      48      40      56      58      59      60      44      57      52    2049    7059 
136101     1291      39      46      46      57      54      48      36      44      54      75      66      63      73      58      46      87      64      77      70      59    2211    6627 
 39842     1320      32      37      47      47      39      57      50      48      58      58      59      65      55      59      59      59      72      77      61      41    2405    6515 
 20461     1325      33      32      40      29      35      40      56      46      43      42      58      36      53      51      61      38      46      49      50      49    1863    7250 
 21600     1326      40      42      28      36      40      34      37      36      37      43      45      41      41      50      55      51      47      61      54      39    1942    7201 
  3301     1338      49      34      30      39      40      37      48      38      35      49      43      43      51      30      48      53      71      49      56      44    1915    7198 
120485     1340      49      58      34      60      41      42      48      38      55      48      55      47      55      69      58      68      52      65      61      57    2309    6631 
 98640     1340      51      48      47      63      53      54      51      48      53      52      46      59      45      56      65      68      77      54      62      49    2039    6860 
 19687     1355      48      45      47      44      40      45      41      37      34      54      51      47      46      43      58      68      62      67      63      39    2163    6858 
 36707     1362      42      52      60      36      54      49      55      52      64      54      66      47      56      75      71      72      59      63      57      42    2406    6468 
112094     1364      42      38      35      42      49      39      44      56      44      50      43      43      61      50      47      46      56      63      53      43    1898    7158 
 10660     1372      52      44      55      49      47      48      59      52      37      56      72      61      59      57      60      58      52      59      56      32    2198    6737 
 21113     1393      56      50      44      60      39      53      51      45      55      59      61      61      51      46      53      65      74      45      63      45    2274    6650 
 53876     1405      35      41      49      48      38      57      48      44      60      52      53      59      46      52      65      57      54      66      44      45    1927    7060 
 27698     1426      47      43      52      52      49      42      50      52      49      60      57      49      52      37      46      53      51      46      47      48    1906    7112 
 53629     1434      47      54      62      59      67      55      48      49      64      60      58      62      53      56      61      60      55      73      64      40    2286    6567 
 16758     1436      47      47      43      51      54      47      53      55      49      34      48      68      52      55      62      62      62      49      43      35    1866    7118 
 27011     1436      42      46      62      76      65      59      70      56      52      62      58      51      66      63      58      64      54      62      65      58    2176    6635 
 29702     1439      36      47      52      47      55      51      67      45      62      59      59      50      46      52      61      60      48      61      58      41    2089    6854 
 31989     1446      48      39      63      51      50      46      73      61      54      46      58      59      69      65      66      68      61      61      45      37    2258    6622 
 17095     1455      72      74      76      54      64      69      80      76      61      64      75      80      81      71      78      73      84      78      57      65    2426    6142 
  1370     1467      54      57      50      50      57      58      51      59      48      48      41      54      51      56      57      50      49      39      50      37    1887    7097 
 34835     1507      57      60      58      57      57      59      50      47      56      44      42      52      64      51      59      53      62      48      43      39    1952    6990 
 30759     1546      64      62      57      54      60      56      56      66      58      61      59      61      67      55      49      67      45      45      45      43    1957    6913 
 40675     1547      60      68      50      66      59      61      51      59      49      57      66      72      62      52      62      59      69      48      47      34    2042    6807 
 67959     1549      57      51      60      50      57      61      48      53      63      53      59      59      56      53      54      72      50      51      48      35    2011    6899 
 24422     1553      79      65      50      66      60      55      80      54      55      67      56      49      61      68      75      70      62      59      56      34    2181    6598 
 34108     1554      55      61      57      62      60      77      63      59      55      64      53      75      80      68      51      55      53      53      41      38    2070    6750 
 38935     1566      59      67      60      88      50      78      67      77      66      63      70      72      67      67      64      66      63      73      69      44    2253    6417 
142018     1569      54      63      53      67      69      76      72      50      61      85      58      71      57      57      70      69      63      44      60      29    2269    6503 
 29744     1569      75      69      84      76      78      81      75     103      75      86      64      69      79      79      81      77      86      70      72      58    2308    6155 
 12094     1575      58      50      64      60      58      71      60      61      55      77      67      60      62      56      61      63      42      63      37      39    1996    6840 
 36640     1582      75      88      61      79      85      64      71      88      78      80      77      77      74      76      75      64      68      58      59      47    2632    5924 
123539     1585      80      78      64      81      89      80      91      89      84      88      85      83      69      99      87      72      90      76      72      40    2345    6058 
145086     1585      73      82      72      91      79      76      74      91      81      78      67      78      95      82      79      80      77      76      55      40    2652    5822 
 15842     1595      72      76      68      64      80      70      74      76      82      76      72      60      79      62      65      82      70      56      58      37    2471    6150 
 35527     1598      64      75      55      61      65      80      66      47      54      41      63      65      60      62      74      62      61      54      56      36    2044    6755 
 23325     1599      62      72      66      83      82      78      64      82      68      60      77      74      66      78      73      65      66      68      41      35    2354    6286 
 20032     1610      62      75      60      75      58      69      71      67      64      71      73      56      79      66      57      66      56      64      51      41    2289    6430 
146183     1622      69      76      79      66      64      74      73      65      76      68      85      78      65      76      71      79      60      48      67      31    2326    6304 
 30155     1630      76      79      95      91      81      98      99     107      79      92      84      97      79      83      86      85      78      56      47      47    2339    6022 
 28548     1637      81      62      49      72      84      66      56      72      73      55      71      65      48      74      47      77      50      37      34      40    2106    6681 
  1966     1644      64      54      64      62      71      60      76      59      74      73      64      44      57      59      57      60      57      51      39      27    2112    6716 
 33084     1648      74      65      68      70      76      57      70      65      70      70      63      66      68      61      58      66      53      57      48      28    2077    6670 
 10462     1664      74      67      71      65      62      67      75      80      77      70      66      66      69      65      55      46      68      49      60      38    2041    6669 
 24562     1670      70      82      67      68      74      72      66      66      64      82      69      81      71      59      68      64      65      75      53      27    2415    6242 
 40048     1671      78      61      58      65      51      60      63      74      76      70      65      63      53      67      70      50      56      54      54      30    2053    6729 
  9091     1695      85      81      92      94      85      85      97      88      80      88      81      71      81      78      81      57      79      67      66      41    2586    5837 
 36210     1731      99      82      91      80     103      95      86      86      89      89      92      87      81      75      78      75      74      48      66      35    2550    5839 
 42283     1743     108      96     110      94      99      87     110     115      92     114      86     121      84      96     105     101      77      79      62      37    2482    5645 
  6890     1758      92     106     104      91     102      93     112      97      93      97      91      84      85      74      79      87      76      60      61      38    2621    5657 
 14704     1765      78      77      69      77      85      74      81      78      72      76      64      76      87      64      60      58      50      49      37      25    2097    6566 
  8309     1788      77      81      71     100      69      74      85      82      65      71      64      58      76      78      59      50      59      56      35      26    2150    6514 
 29876     1799      99      80     108      96      85      92      75      64      75      86      82      83      80      73      74      76      51      60      47      30    2290    6194 
 24570     1801      86      96     101      95     109      92      99     107      87     109      87      90      93      93     101      82      69      64      57      40    2638    5605 
 19752     1816     114      92      97     118     105     102     106     116      99      98      97      92     106      79      94      80      86      78      73      40    2491    5637 
 61325     1847      84     100      98      77      88      80      74      84      97      83     100      84      70      77      85      79      62      64      43      26    2297    6148 
 64758     1850     101      83      89      94      96      95      89      93      87      97      79      57      76      77      64      78      72      77      51      29    2167    6249 
 11627     1865     100      93      95      90     101      84      95      89      91      92      71      83      73      73      72      63      67      63      44      40    2204    6217 
 37945     1867     104      93     105      97      88      87      83      96     123      88      84     104      82      93      67      89      68      55      61      30    2415    5888 
 36277     1874      81      97     107      89     101     100      87     110      87      71      70      69      83      72      64      67      62      56      55      28    2193    6251 
 16303     1877      93     105      86     100      89      93      79      88      81     100      79      97      80      89      85      85      72      67      40      25    2395    5972 
 61333     1889     110     113     116      92      94     101      92     107      98      78      91      97      87      88      81      75      72      58      46      25    2392    5887 
146928     1904     111     105     126     107     123     109     101      98     122     124     111     100      99      99      75      85      83      71      47      30    2358    5716 
145953     1922      93      95      88      96      85      96      81      96     100      82      77      84      78      63      82      57      60      44      45      25    2117    6356 
  9286     1926      93      86     108      89      96      92      95     101      93      76      91      65      84      87      82      75      63      47      57      29    2220    6171 
 39073     1927      87      97      85      89     123      87      98     102     103      86      77      78      84      68      75      73      59      49      46      27    2174    6233 
 24745     1960     144     155     150     117     118     148     146     145     132     124     132     134     128     106      99      86      90      71      76      37    2514    5148 
  6593     1972     101     102     126     121     115     105     102     102      94      94      95      82      84      73      75      71      78      53      45      26    2436    5820 
 17772     1979     101     104     106      90     118      98     110     100     101      86      87      97      83      77      78      63      61      49      42      17    2180    6152 
  3970     1988      91     129     117     127     107     118     112     112     106      95     116     121      89      85      86      79      68      72      62      29    2716    5363 
 24075     2010     108     126     116      99     105     102     108      97     109      81     104      92      93      91      74      77      64      57      46      31    2357    5863 
 28365     2115     143     109     134     137     124      97     120     112     117     108     114     112     113      88      88      77      68      56      35      20    2462    5566 
 23846     2116     146     124     135     134     136     142     129     109     132     123     120     106     110     104      70      90      58      55      45      21    2601    5310 
 11049     2128     121     106     112     114     112     114     117     114     108     105      93      62      94      80      68      65      63      51      34      19    2228    6020 
 36822     2169     139     137     146     130     134     132     118      98     123     111     110     114     114     104      96      79      77      53      30      26    2389    5540 
 13532     2189     155     159     158     156     150     158     148     141     135     142     119     122     119     121     107      97      75      72      54      35    2347    5230 
 41046     2203     147     144     132     114     134     126     134     104     112     136      94     116      97      81     117      66      62      42      27      25    2267    5723 
 28217     2260     153     151     138     148     134     166     132     115     112     118     108     118      96      96      89      74      60      63      50      13    2418    5448 
 20883     2323     175     140     142     135     122     133     143     121     106     134     110     104      97      93      84      79      58      43      27      16    2241    5697 
 18929     2399     176     199     190     193     209     169     185     190     161     161     157     123     147     118      96      68      61      58      44      20    2388    4887 
 24281     2521     206     201     198     172     164     165     187     164     144     130     150     112     108     115      80      85      65      56      39      17    2409    5033 
123836     2550     211     227     214     223     190     177     188     183     179     141     141     125     137     133     109      77      63      56      49      11    2561    4605 
 19737     2643     233     218     235     224     207     183     211     184     184     157     180     155     134     116      89      85      65      42      40      17    2385    4656 
  5322     2694     228     220     177     202     201     179     165     145     151     132     121     136     113      78      87      78      58      41      32      14    2334    5108 
 41376     3418     434     380     349     314     300     276     258     253     221     200     187     156     119     119      77      56      42      28      18      12    2457    3744 
