 16886      342       2       0       1       5       4       3       0       0       3       3       0       3       1       1       3       4       3      12      12      48     813    9079 
 53520      519       4       3       1       3       3       6       8      10       4       7       4       3       2       7      13       5      11      14      17      63    1255    8557 
 53140      543       5       1       7       7       1       5       6       6       6       8       5      11       8       8      13      12      15      28      23      58    1289    8478 
 54015      570       5       4      10       3       6       6       7       3      12      14       8      12       9       7      11      16      20      22      28      60    1352    8385 
 16883      599       5       4       7       3       2       2       3       5       7       7       6       9      12      12      15      12      21      27      27      54    1171    8589 
 53595      601       8       6       4       6       8       7       6       6      10       8       7       6       9      11      11      15      28      22      38      65    1366    8353 
  9498      617      10       6       6       3       9       5       7      13       8      12       9      12      17      10      12      18      26      33      25      53    1382    8324 
  6791      643       3       5       9       7      12       8       7       9       9       8       8      11      12      22      15      21      24      29      45      53    1437    8246 
 23242      650       3       4       6       4       9       7       9       6       9       7       8       9       9      21      24      16      25      19      36      58    1263    8448 
 13219      664       6       5       5       9       8       7       7      13       8      10      13       9      16      16      22      19      22      24      35      58    1512    8176 
 22798      680       7       3      11       4      12      16       9      12       7      14       8      21      12      12      21      18      16      22      28      41    1491    8215 
 39107      680      20       9       5       8       5       8      11      11       9       7      13      17      14      23      21      28      24      34      38      76    1606    8013 
 32276      682       6      10       4      10       5       4       8       7      10       8       5      12      13      12      19      22      23      23      39      48    1384    8328 
  2220      683       9       5       7      14       9      14      13      15       9       9      12      11      13      10      16      19      23      23      58      49    1390    8272 
 22947      683       9      11      11       8      12      15       7      15      13      11       8      12       7      19      16      17      29      25      38      67    1437    8213 
 52803      693       6       9       5       7       7       8      11      10      12      11      15       7      21      13      13      22      18      26      28      57    1519    8175 
  8300      695       8       4       8      12      12       7      11      15      17      14      15      25      15      15      15      25      30      28      41      61    1481    8141 
 41558      696      10      12      16       6      16      12       7      11      16      13      13      19       8      21      15      25      21      37      35      58    1523    8106 
  1149      698       5       4      12       8       8      16       8       9      11      10      16      22      15      15      13      25      22      21      33      59    1372    8296 
 26906      725       9       8      10      11       6      17      12      16      14       8      19      17      19      20      18      17      30      26      42      50    1461    8170 
 28068      736       6       8      11      11       5       4      11      15      11      14       9      18      18      23      17      24      22      27      38      71    1510    8127 
 14944      742       9       9      12       5      12       8      14       7       8      15       7      18      20      20      22      15      42      27      40      52    1598    8040 
 68536      752      13       7      11       6      16      13      12       9      14      15      15      16      13      18      21      18      15      27      42      47    1468    8184 
 52951      752      12       8       6      11       9      14      10      11       8      15      11      19      16      16      29      21      28      41      50      63    1619    7983 
 25866      760       3       7      12      13      20      12      14      10      13      18      16      19       7      18      17      26      25      36      29      53    1622    8010 
 12310      761      12      12      11       8      11       6      12      12       9      13      14      14      20      23      33      26      31      33      42      61    1740    7857 
 36988      763       4      12      10      12      13      11      12      15      15      14      16      10      27      18      18      30      33      41      35      67    1594    7993 
 41020      768       6      11       8       9      16       7       8      10      15       5      14      12      11      19      21      24      25      32      33      56    1481    8177 
  4796      773       8      13       8      17       6      17      12       9      17      11      14      21      20      26      24      22      27      31      43      70    1651    7933 
 24596      774      12       8      10      19      11      14       8      18      20      20      14      26      26      24      30      20      28      45      43      71    1488    8045 
 37515      780      12      14      15      12      14      20      13      18      16      22      21      15      13      24      23      33      26      45      43      70    1732    7799 
 17004      781       7      12       7      11      12       6       9      15      19       9      14      21      20      19      32      25      21      39      41      63    1601    7997 
 14258      792      11      15      11      12      15      22       9      12      10      20      11      17      27      17      15      22      30      35      52      47    1539    8051 
  8722      798      11      15      17      18      12      11      14      12      12      14      20      22      15      15      18      25      38      37      51      70    1627    7926 
  3285      805      11      14       7      17      13      16      10      20      11      12      11      13      19      14      24      25      25      35      40      59    1391    8213 
 52639      809      15      13      13       5      15      13      10      19      20      16      17      22      18      26      18      30      26      31      50      68    1622    7933 
  1123      812      12      10       9      10      16      20      18      15      16      18      19      13      14      24      31      29      29      25      40      55    1641    7936 
 21576      817      12      15      14      13       9      13      18      16      15      16      15      22      23      23      21      28      30      45      36      57    1748    7811 
 14621      818      10      11      19      14      14      21      11      11      21      13      14      24      16      14      27      21      31      37      54      55    1548    8014 
 18770      821      13       9      12      15      10      13      18      19      20       9      20      19      14      26      27      23      32      40      42      49    1582    7988 
 39164      826       9      11      18      14      14      18      21      12      13      11      16      17      20      16      26      24      21      33      35      57    1610    7984 
 13920      832      11      22      12      12      15      14      15      14      14      13      17      16      18      19      28      34      30      36      40      56    1601    7963 
 13128      833      10      13       9      19       8      13      12      13      20      19      14      30      16      19      25      26      36      37      48      57    1620    7936 
  4416      841       8      18       9      15      16      13      19      18      23      16      20      18      33      24      15      26      32      33      37      59    1804    7744 
  2154      847       7      15      12      12      19       7      19      20      17      15      15      15      17      28      34      24      33      30      54      56    1598    7953 
 25817      850      19      11      16      16      15      18      22      18      22      25      20      24      25      25      30      28      38      39      49      76    1714    7750 
  6296      856      11      15      11       9      22      14      21      20      22      18      23      17      21      30      27      33      21      25      38      67    1706    7829 
 64683      857      17       9      13      11      20      16      19      10      19      17      19      17      31      22      26      21      32      36      47      56    1738    7804 
 53306      869      13      13      12      16      13      11      15      14      22      20      15      18      18      22      29      23      34      34      37      62    1614    7945 
 31393      877      12      15      11      19      13      12      14      16      20      19      20      20      15      23      22      29      33      34      57      56    1728    7812 
 32755      881      12      18      12      10      24      20       9      28      10      22      19      20      22      34      29      30      42      41      43      80    1618    7857 
  1081      886      13      15      18      17      17      22      19      16      14      27      19      25      23      24      32      30      36      41      43      74    1692    7783 
 30098      888      18      12      12      11      13      18      21      24      25      28      24      22      33      28      45      31      35      55      46      68    1856    7575 
 53546      895      16      21      10      18      22      10      19      18      26      13      14      22      19      24      33      33      47      43      45      70    1774    7703 
  7054      900       8      15      14       8      14      21      14      23      23      25      25      23      30      24      25      32      47      34      49      68    1746    7732 
 22178      903      10      18      14      19      18      23      15      12      19      19      31      26      29      29      25      32      27      41      48      59    1815    7671 
 36863      908      17      18      21      19      19      27      25      17      24      31      41      25      29      25      48      31      26      43      53      58    1673    7730 
 42218      909      19      11      12      17      17      20      23      30      23      22      35      23      30      36      39      44      46      43      54      67    1833    7556 
 22111      912      11      15      13      16      16      20      12      17      16      19      17      22      22      29      33      30      29      36      41      53    1638    7895 
  7310      917      24      28      19      17      28      28      14      18      18      20      20      23      35      30      33      38      40      48      46      70    1802    7601 
 38588      918      15      17      17      19      17      11      18      15      24      22      19      19      31      29      37      33      32      32      34      67    1727    7765 
   463      937      15      16      14      18      24      14      37      24      22      24      25      26      34      30      40      34      48      39      62      67    1975    7412 
 34561      947      13      18      24      21      27      14      24      31      24      22      22      39      45      32      33      33      38      56      56      78    1865    7485 
  5876      949      16      22      19      19      19      20      10      16      28      26      24      24      26      34      29      34      42      31      50      58    1785    7668 
 21246      958      24      23      15      24      16      20      21      31      25      22      30      42      40      25      35      35      37      48      54      62    1926    7445 
 10272      962      14      21      18      21      19      18      18      24      23      18      18      20      34      35      27      31      45      44      37      71    1764    7680 
 27680      965      19      17      13      20      22      28      30      33      27      28      24      29      24      26      30      39      34      40      46      50    1744    7677 
  1297      966      11      14      16      17      16      18      23      20      18      19      30      18      25      33      36      31      36      45      44      67    1653    7810 
 33555      967      30      21      16      17      25      22      30      23      32      18      25      24      26      34      32      33      47      47      48      65    1964    7421 
 42408      981      14      16      22      24      18      10      20      17      20      29      25      28      20      26      17      38      42      39      47      50    1668    7810 
 23119      982      19      15      20      18      15      22      25      32      25      25      29      36      43      40      36      35      49      47      41      71    1937    7420 
  8298      985      23      31      23      28      23      25      23      21      36      32      34      34      36      44      36      35      47      56      73      59    2025    7256 
 25932      994      19      22      20      22      29      21      26      22      26      38      32      24      34      33      33      30      41      44      62      70    2055    7297 
 35477     1003      26      20      20      23      28      18      30      19      26      33      34      41      34      40      35      44      45      40      46      59    1702    7637 
 40964     1004      26      22      22      25      27      17      32      28      19      29      34      25      34      25      25      47      37      52      44      60    1746    7624 
 16154     1006      22      32      27      25      33      28      14      25      27      21      25      43      25      26      28      41      43      60      50      64    1978    7363 
 62489     1012      34      14      16      26      28      23      28      24      19      26      31      31      35      33      26      37      38      56      46      53    1767    7609 
 12500     1021      23      21      29      24      20      22      27      19      25      29      35      28      23      44      38      39      44      46      57      52    1824    7531 
 15214     1031      27      11      25      19      18      30      24      25      26      38      23      33      23      41      39      42      41      41      65      53    1816    7540 
 42796     1051      24      16      21      27      18      20      30      22      19      34      35      18      35      41      32      37      57      45      62      59    1845    7503 
 22871     1066      25      23      19      20      22      25      27      25      27      26      32      38      35      35      50      53      47      40      72      50    1873    7436 
 68502     1080      30      32      38      26      30      25      30      25      33      24      33      28      34      34      38      42      36      49      61      49    1843    7460 
 68551     1082      37      34      31      22      33      39      36      33      34      45      44      36      40      48      49      53      50      71      59      71    2071    7064 
 35089     1083      23      23      23      28      35      30      26      27      27      29      35      37      38      37      46      46      52      43      60      62    1963    7310 
  3996     1086      33      25      19      26      29      43      30      23      31      20      30      37      35      31      36      42      48      57      57      57    1804    7487 
 40758     1089      31      38      40      33      26      34      39      31      34      35      38      33      36      30      46      34      33      51      63      56    1876    7363 
 27367     1095      22      32      23      31      33      24      37      36      33      21      30      40      44      32      41      51      53      38      60      63    2056    7200 
 22566     1099      25      26      27      37      23      37      32      34      35      33      34      51      37      51      44      51      49      58      58      75    2112    7071 
 35956     1104      19      23      32      24      32      32      26      37      28      32      29      39      32      35      29      52      36      49      51      49    1859    7455 
 29330     1105      21      29      28      32      24      35      27      36      27      36      38      24      45      26      30      35      40      44      56      54    1881    7432 
 37481     1107      29      29      28      27      29      29      29      32      27      40      32      35      39      37      48      50      53      51      55      51    1951    7299 
 37598     1130      23      29      23      40      26      29      31      23      30      26      28      34      29      38      44      44      42      53      53      60    1879    7416 
 61812     1136      26      21      33      27      38      38      31      26      33      26      40      48      38      43      55      38      47      74      52      68    1909    7289 
  6494     1137      28      22      23      32      39      28      28      24      30      45      48      37      32      45      59      53      59      68      48      59    1935    7258 
  2709     1143      29      29      31      28      35      29      25      25      39      38      34      37      43      56      44      43      55      44      55      61    2045    7175 
 38109     1143      21      22      27      43      46      25      35      33      45      31      47      42      37      43      50      51      49      55      54      55    1862    7327 
 28605     1153      27      33      26      38      24      28      31      27      38      43      53      46      37      55      34      39      37      46      47      52    1805    7434 
 39602     1158      25      30      27      26      37      33      28      45      37      42      42      24      39      58      53      52      59      52      54      49    2019    7169 
 41368     1158      40      34      25      29      29      29      35      39      34      35      41      51      41      54      56      52      57      50      66      45    1909    7249 
  4770     1182      27      28      41      38      32      38      41      26      30      36      41      35      42      35      54      49      51      59      57      61    1987    7192 
 64147     1201      32      30      35      40      37      53      39      42      36      42      37      35      43      55      53      55      59      47      51      52    1959    7168 
  3467     1203      37      36      31      33      41      35      34      43      33      55      40      51      46      46      43      46      52      53      60      72    2135    6978 
 36962     1206      29      38      34      29      40      41      39      40      43      36      35      53      42      64      62      61      65      68      56      64    2207    6854 
   687     1208      35      33      23      42      42      24      42      43      32      40      48      47      36      49      55      43      50      51      52      53    1990    7170 
 26302     1208      35      39      35      25      35      37      45      54      35      39      40      40      52      32      40      55      49      59      47      44    1967    7196 
  1388     1213      34      29      31      30      27      47      30      36      33      43      60      37      44      44      56      51      52      45      61      57    1956    7197 
 27334     1215      30      33      31      34      37      38      40      37      31      45      35      36      35      48      46      37      42      64      59      42    2150    7050 
 27573     1215      28      33      35      36      36      24      39      32      43      47      41      38      41      31      46      43      47      33      56      48    1946    7277 
  3061     1216      27      36      34      34      36      34      30      34      37      35      52      45      51      50      43      35      62      53      56      50    2023    7143 
 11791     1223      39      26      29      42      34      35      43      34      40      50      48      44      38      46      43      36      52      45      56      47    1919    7254 
 14365     1234      39      41      42      47      37      46      37      41      37      39      47      44      59      41      54      61      69      54      74      59    2173    6859 
 11692     1236      41      28      33      35      54      34      37      35      39      42      47      52      55      39      37      61      48      59      50      54    2013    7107 
 26336     1241      31      38      29      41      34      39      43      30      46      30      36      30      46      58      39      61      51      50      65      43    2021    7139 
 32508     1244      45      43      35      38      49      36      48      54      53      46      53      50      47      62      54      66      55      55      77      51    2302    6681 
  1545     1254      42      42      41      36      54      44      42      37      42      58      49      59      62      53      60      58      66      78      76      51    2174    6776 
  7930     1254      42      29      40      30      33      47      40      41      41      52      40      47      49      46      50      62      50      61      47      52    2015    7086 
   810     1268      46      33      36      37      37      36      38      52      45      46      46      38      56      47      51      50      67      61      59      54    2047    7018 
136101     1291      37      40      43      37      47      40      48      37      45      51      51      34      50      50      44      42      47      52      49      37    1928    7191 
 39842     1320      35      34      59      42      39      38      32      55      47      40      58      44      53      53      58      54      57      57      66      43    2055    6981 
 20461     1325      43      48      46      35      54      57      49      50      44      51      48      55      56      50      58      53      63      51      67      51    2185    6786 
 21600     1326      44      36      57      46      57      57      58      40      56      62      61      63      72      64      61      72      82      68      64      66    2342    6472 
 35865     1337      33      42      44      40      37      51      51      42      53      44      57      48      52      55      44      52      58      68      52      42    2062    6973 
  3301     1338      46      44      37      53      60      48      31      49      50      42      53      41      59      53      60      79      57      57      54      47    2088    6892 
120485     1340      58      36      25      37      53      43      47      41      57      53      42      36      52      63      58      71      63      54      66      59    2261    6725 
 98640     1340      43      55      50      56      48      47      55      53      47      47      51      54      58      47      57      50      69      66      54      49    2207    6737 
 19687     1355      53      41      38      55      61      49      49      62      51      57      61      68      77      47      63      77      75      56      63      59    2287    6551 
 36707     1362      36      44      47      53      56      54      55      57      61      58      52      45      54      78      65      66      66      63      64      50    2379    6497 
112094     1364      57      45      48      53      53      63      52      52      55      54      41      45      64      55      71      54      66      50      57      54    2106    6805 
 10660     1372      41      61      53      44      60      57      56      70      42      70      67      67      45      60      59      40      56      70      58      54    2297    6573 
 21113     1393      49      42      56      48      38      53      50      48      50      59      47      66      52      44      60      57      53      52      46      36    2012    6982 
 53876     1405      45      69      46      56      44      80      52      66      71      63      59      65      60      63      58      64      58      74      64      46    2424    6373 
 27698     1426      57      56      44      43      63      47      57      51      48      51      63      70      58      76      51      70      51      63      46      66    2215    6654 
 53629     1434      42      61      51      41      39      57      54      55      60      54      44      44      57      50      55      69      48      51      57      35    2108    6868 
 16758     1436      60      63      55      49      46      46      66      54      73      72      53      52      47      57      55      54      64      71      62      40    2107    6754 
 27011     1436      48      58      53      61      62      74      47      59      61      71      58      66      69      81      66      57      59      86      69      47    2187    6561 
 29702     1439      55      61      60      44      55      56      48      65      57      65      51      65      62      59      81      66      68      52      58      41    2298    6533 
 31989     1446      51      56      59      65      59      48      53      55      62      61      60      62      66      64      63      60      64      62      71      42    2216    6601 
 17095     1455      71      60      51      58      67      62      62      58      47      69      66      55      68      59      51      65      63      45      48      42    2064    6769 
  1370     1467      56      46      72      65      62      57      59      53      56      62      55      83      73      78      69      79      74      77      45      46    2467    6266 
 34835     1507      75      52      64      64      64      64      54      53      77      64      80      51      65      53      68      64      57      53      59      48    2124    6647 
 30759     1546      59      64      59      69      63      45      63      63      68      64      47      60      67      69      61      52      86      60      55      46    2109    6671 
 40675     1547      57      64      67      86      66      76      69      83      73      92      71      78      72      55      66      71      57      75      58      42    2539    6083 
 67959     1549      67      75      85      86      71      78      93      77      69      85      59      81      70      76      68      80      74      83      74      55    2404    6090 
 24422     1553      68      57      73      70      66      62      68      70      70      70      81      81      77      71      68      69      67      59      49      38    2201    6465 
 34108     1554      56      60      66      67      55      68      82      75      63      64      76      61      77      64      60      62      63      52      47      48    2138    6596 
 38935     1566      88      68      47      58      65      56      72      60      65      68      62      62      79      68      62      63      52      62      55      43    2183    6562 
142018     1569      55      56      57      71      42      56      68      69      59      74      78      73      72      71      60      70      65      60      55      35    2201    6553 
 29744     1569      59      56      70      70      80      73      73      60      76      71      68      68      80      53      86      57      60      64      50      45    2239    6442 
 12094     1575      67      73      48      59      56      56      68      71      70      62      57      56      51      80      72      60      79      56      41      37    2128    6653 
 36640     1582      61      68      73      56      75      81      68      80      67      64      74      80      71      63      68      63      61      54      45      34    2256    6438 
123539     1585      66      48      85      56      81      89      75      71      62      66      73      83      74      78      77      75      70      66      57      43    2521    6084 
145086     1585      62      68      86      63      70      72      71      69      83      67      88      77      72      61      75      56      71      59      49      45    2488    6148 
 15842     1595      66      58      70      66      50      72      59      65      62      62      65      87      63      49      54      66      53      57      61      23    2191    6601 
 35527     1598      77      79      76      58      77      67      73      65      68      73      82      60      75      79      70      73      55      66      67      43    2252    6365 
 23325     1599      58      78      64      62      59      53      61      64      73      56      72      72      48      65      55      55      54      47      70      37    2218    6579 
 20032     1610      75      68      82      75      64      63      69      76      73      82      92      62      73      63      87      71      76      59      60      43    2410    6177 
146183     1622      70      79      69      81      65      77      78      78      85      78      71      79      75      60      73      85      65      58      56      33    2285    6300 
 30155     1630      69      91      80      72      68      89      83      78      74      68      74      57      77      74      78      83      62      64      46      41    2211    6361 
 28548     1637      75      56      60      47      71      77      65      61      59      85      63      73      59      80      52      50      46      58      55      40    2271    6497 
  1966     1644      64      79      72      87      66      73      65      79      76      69      89      73      83      87      86      81      74      74      50      33    2437    6103 
 33084     1648      77      81      70      78      73      74      87      80      79      75      81      77      70      77      76      77      72      59      44      47    2479    6067 
 10462     1664      69      70      74      68      70      54      79      75      83      69      67      69      81      76      70      77      73      65      48      54    2253    6356 
 40048     1671      63      77      85      86      75      78      79      85      69      83      78      66      78      79      64      76      80      62      51      34    2364    6188 
  9091     1695      94      80      90      84      90      82      85      92      81      82      86      59      80      78      83      58      69      62      71      43    2482    5969 
 36210     1731      96      82      97      84      75     105      78      80     112      90      75      88      72      83      87      79      62      72      40      27    2269    6147 
 42283     1743      71      81      82      82      88      78      84      78      80      78      85      93      92      90      81      66      74      77      68      34    2546    5892 
  6890     1758      92      93     108      96     108      83      87      95      85      81      78      86      89      80      93     103      62      58      62      45    2277    6039 
 14704     1765      96      88     112      89      80     104      94     112      85      86      92      84      99      76      91      82      63      53      55      34    2286    6039 
 29876     1799      86      95      95      92      83      76     106     110      94      87      88      91     101      87      82      84      78      70      57      37    2306    5995 
 24570     1801      88     106      95     112      84     108      83      86     101      92      89      91      89      96      64      78      62      53      55      34    2298    6036 
 19752     1816      96     112     107      98      94      85      95      95      83      82     107      91      94     107      85      73      70      76      53      37    2489    5771 
 61325     1847      87      96      87      79     116      94      94      69      89     102      82      83      77      74      85      82      78      67      42      26    2382    6009 
 64758     1850      94      84      94      90      92      86      82     115     101      99      69      73     105      87      65      64      63      60      48      29    2369    6031 
 11627     1865     105     106     107     114      84      98     103      96      92     119      98      81      90      89      95      83      81      53      58      34    2284    5930 
 37945     1867      90      93     111      81     103      95      86      76      85      77     107      96      79      81      77      64      71      68      37      27    2339    6057 
 36277     1874     117      96      94      87     110      98      89     110     108      91      85      97     103      75      79      70      61      64      46      32    2398    5890 
 16303     1877      99      97      98      95     101      85      91     100     110      94     107      94      91      60      72      68      72      63      60      32    2204    6107 
 61333     1889     111      90     104      97     102     119     115      90     101      99      97     105      89      87      79      68      84      61      43      31    2394    5834 
146928     1904      90     108     111     120     111     105     114     107      92      79     101     101      91      89      82      75      69      75      49      35    2570    5626 
145953     1922      81      93     111     107      91      99     117     111     108      88      87      82      78      89      87      93      60      58      55      31    2414    5860 
  9286     1926     104     106     106     100     117     106      98     117      88      82     100      98      97      94      83      73      72      55      52      28    2409    5815 
 39073     1927     104     117     124     102     109     104     114     110      98      88      89      93      87      99      80      70      64      54      55      35    2364    5840 
 24745     1960     120      81     118     100     124      85      99     105     106      89      74     103      73      98      86      74      66      63      67      35    2245    5989 
  6593     1972     119     123     101     142      97     128     121     119     109      99     111     123      96      85      81      74      80      62      72      41    2638    5379 
 17772     1979     115     105     105     100     105     111      94     109      96     107     127     105      94      72      67      83      60      67      40      23    2311    5904 
  3970     1988     111     141     107     119      96     112     102      98     111     100      94     106      65      88      72      94      73      60      52      24    2387    5788 
 24075     2010     136     117     117     115     110     136     114     119     136     108     102     107     100      90     110      88      84      65      58      33    2565    5390 
 28365     2115     147     133     138     142     152     130     149     166     124     130     121     127     112     100      95      78      75      64      57      22    2567    5171 
 23846     2116     131     126     139     141     148     116     126     124     110     128     124     100     102      91      91      94      65      69      59      22    2638    5256 
 11049     2128     146     151     163     123     132     140     149     115     134     117     122     131      81      88      91     106      52      65      56      25    2560    5253 
 36822     2169     144     146     159     145     128     143     135     143     119     132     120     115     123     110      86      75      96      55      41      24    2605    5156 
 13532     2189     150     140     158     140     123     140     140     121     144     132     117      99      83      89      85      81      75      59      38      34    2418    5434 
 41046     2203     163     168     148     147     157     136     124     125     150     124     126     105     113      82     104      93      59      63      33      19    2454    5307 
 28217     2260     149     170     139     148     150     151     156     150     128     124     114     104     111     106      84      72      74      52      31      26    2432    5329 
 20883     2323     195     191     164     169     146     154     165     191     144     148     144     122     117     122     104      68      66      61      38      25    2753    4713 
 18929     2399     206     194     174     189     171     175     149     149     166     159     129     121     122     114      94      91      85      58      43      15    2775    4621 
 24281     2521     180     214     217     207     197     170     159     154     146     157     136     124     102     123     103      87      65      47      34      18    2613    4747 
123836     2550     220     223     180     234     162     189     175     152     166     133     129     155     118     102      96      97      76      66      22      20    2594    4691 
 19737     2643     246     212     212     207     196     206     188     154     163     172     158     142     138     114      90      80      60      54      29      15    2603    4561 
  5322     2694     243     259     235     223     211     187     178     181     161     155     146     130     144     118     100      91      81      48      38      15    2333    4723 
 41376     3418     444     373     346     340     332     284     281     211     215     205     173     169     133     132      88      73      48      44      20      10    2344    3735 
