 53520      519       3       4       1       3       5       1       6       2       5       9       4       4       6       3       8      11      10      13      22      43    1230    8607 
 53140      543       5       2       3       7      10       5       8       4       4      13      14       8       5       8      15      11      17      16      25      56    1402    8362 
 54015      570       5       6       6      10       3       1       8       3      10       8       6      12      10      14      13      15      17      22      23      71    1357    8380 
 53595      601       7       6       1       5       5      10       3       8      10      11       9       9      19      14      10      18      22      31      40      60    1454    8248 
 23838      645       4       8       9      13       5      12      11       9      10       9      12      12       8      10      13      21      22      19      37      67    1421    8268 
 13219      664       8       5      11      11       6      10       6      12      12       5      14       7      20      23      18      24      22      42      51      83    1557    8053 
 22798      680       6      12       6       6      18      12       9      14      11      14      16      17      17      17      26      22      37      29      36      65    1612    7998 
  2220      683       6       2       6      10      10      10       8      18      13      12      12       8      13      17      24      15      23      33      36      63    1368    8293 
 41558      696      11      12       8       8      15       9      14       7      16      17       6      12      19      17      20      20      22      35      50      74    1630    7978 
  1149      698      14      10      18       7      14      10      10      11      11      13      16      12      17      20      15      25      23      46      46      87    1636    7939 
 26906      725       4       9       7       9      10       9      10       8      13       8      13      13      10      14      11      18      24      26      29      52    1577    8126 
 24414      732       7       5      11      11       7       8       8       6      19      10       5      19      11      13      16      15      22      35      36      67    1551    8118 
  5207      735       4       4       8       6       6      11      11      11       5      16      10       7      12      19      20      20      20      27      28      65    1559    8131 
 28068      736      10      11       9       9      13      13      12      15      14      15       8      17       9      24      16      20      25      28      30      57    1606    8039 
 14944      742       6      11      16       6      11       9      15      10      16      11      17      19      18      26      14      29      18      28      56      48    1547    8069 
 52951      752      13      10       9      10      10      17      14      16      19      14      21      30      14      24      20      24      33      39      48      68    1740    7807 
 37291      752      13      10       7      16      10      20      15      12       7      11      13      15      15      28      23      27      25      34      48      73    1729    7849 
 27995      758       8      12      10       7       9       5      14       8      12      10       9      19      20      22      16      20      19      24      56      59    1497    8144 
 25866      760       8      10      13      12      16      13      13       7      20      20      25      15      21      23      16      26      29      43      49      86    1648    7887 
 12310      761       9      10      17       8      16       8      19      11      13      16      12      14      18      20      15      20      38      35      36      57    1493    8115 
 36988      763      14       6       8      12      10      11      15      15      26      10      14      24      26      19      22      25      34      30      41      67    1677    7894 
 41020      768      11      10      14       9      13       7      15      11      18      20      15      22      19      15      14      30      32      33      48      76    1643    7925 
  4796      773       8      10      10       7      12      14      19      12      10      18      14      21      20      17      21      27      21      39      41      56    1570    8033 
 24596      774      12      11       9      17      16      15      12      19      14      21      19      18      15      19      21      21      29      37      44      76    1677    7878 
 17004      781       6      12       7      25      13      14      13      15      17      20      13      11      23      27      28      30      32      30      33      65    1651    7915 
 14258      792      15       5      18      11      13      16       8       9      11      19      14      10      18      22      20      19      17      37      28      48    1604    8038 
  8722      798      16      15      16      16      17      12      16      12      19      22      15      24      17      31      26      30      40      29      50      70    1767    7740 
  3285      805      15      11      12       6      13      26      19      19      15      15      15      23      29      26      29      26      41      34      41      57    1701    7827 
 52639      809      14      13      16      14      10       7      17      14      15      24      18      21      18      19      29      21      26      46      43      61    1685    7869 
139311      809       9      13       6       9      19      21      10      13      13      21      13      17      20      15      22      17      21      25      38      60    1679    7939 
  1123      812      10       6      10      10      16      16      16      17      19      22      15      19      16      19      13      22      31      29      27      57    1720    7890 
 21576      817      14      12      15      15      17      23      13      13      21      13      18      24      21      15      26      36      36      43      37      64    1700    7824 
 14621      818       8       9      10      10      16      13      14      13      19      14      21      22      21      18      16      21      25      30      43      67    1686    7904 
 18770      821      10      14       9      18      14      18      16      16      22      25      18      24      26      26      32      34      38      41      57      76    1766    7700 
 39164      826      11      18      16      19      21      15      24      16      13      14      16      24      13      27      27      30      24      37      67      83    1889    7596 
 13920      832       4      21      16      15      15      20      21      17      19      21      25      29      30      17      20      29      33      45      55      62    1739    7747 
  4416      841       9      14      25      10      17      21      11      26      20      14      16      24      25      22      34      34      23      45      36      67    1758    7749 
  2154      847      14      13      17      14      16      14      13      13      20      25      22      22      25      28      27      35      37      39      36      54    1741    7775 
  6296      856      11       8      13      12      18      14      10       8      12      17      22      17      16      23      25      25      26      37      49      54    1741    7842 
 64683      857      12      10      10       8      19      16      14      25      25      11      17      22      13      19      29      23      29      33      48      56    1663    7898 
 53306      869      13      11      20      18      19      24      16      29      17      17      15      21      27      23      29      26      42      61      51      72    1792    7657 
 32243      872      15      26      12      24      18      17      19      31      29      37      32      24      38      28      35      49      43      49      62      71    1916    7425 
 31393      877      14       9      17      18      15      14      27      12      20      16      25      19      23      30      22      31      32      48      47      87    1800    7674 
 32755      881      20      18      20      17      20      19      17      22      18      24      29      34      27      32      39      37      41      48      63      70    1908    7477 
  1081      886      15      12      18      17      17      21      29      24      20      22      26      26      19      31      21      26      37      51      67      77    1832    7592 
 30098      888      24      13      19      17      26      29      20      20      27      23      20      33      31      34      36      32      38      53      47      81    1904    7473 
 53546      895      12      16      15      21      18      19      20      15      20      26      17      22      26      35      36      24      25      37      54      73    1764    7705 
  7054      900      19      19      11      26      21      12      29      22      18      20      23      27      23      26      37      33      34      32      54      62    1892    7560 
 22178      903      31      13      18      21      17      23      18      20      32      29      24      22      35      26      36      30      43      49      44      58    1852    7559 
 36863      908       9       9      22      18       9      12      18      26      22      21      20      19      25      20      32      42      35      36      38      61    1802    7704 
 42218      909      12      14      26      19      24      21      27      26      24      24      25      25      29      31      38      46      47      60      53      83    1787    7559 
 22111      912      16      21      18      26      18      24      18      31      23      22      27      24      33      30      27      50      48      41      63      69    1799    7572 
  7310      917      14      14      12       8      13      21      18      15      18      20      19      21      30      20      21      19      27      42      47      53    1783    7765 
 38588      918      21      16      10      14      27      23      18      20      30      20      27      27      25      30      27      35      48      39      52      66    1785    7640 
   463      937      13      22      19      17      21      18      33      24      18      23      29      15      36      30      19      31      46      41      63      64    1805    7613 
 34561      947      21      14      11      23      15      13      22      29      20      22      25      29      31      30      46      30      39      45      35      55    1711    7734 
  5876      949      18      17      19      20      19      19      23      27      22      21      21      21      31      28      49      33      42      45      56      64    1884    7521 
 21246      958      15      15      25      18      10      23      11      13      24      21      24      28      33      20      36      42      44      45      50      58    1819    7626 
 27680      965      26      18      17      22      22      26      35      23      24      20      21      36      41      37      35      31      42      33      63      76    1924    7428 
  1297      966      15      25      22      15      23      28      31      26      41      28      29      35      35      39      33      42      41      59      65      76    2007    7285 
 23119      982      23      24      17      18      24      26      24      29      25      30      24      27      35      30      33      44      40      46      59      67    1870    7485 
  8298      985      23      21      26      19      20      23      22      26      29      28      23      23      29      30      31      45      32      47      56      57    1978    7412 
 25932      994      17      20      15      25      15      17      20      17      16      20      27      26      32      33      31      33      34      42      54      58    1824    7624 
 35477     1003      24      21      36      35      25      33      25      34      37      30      29      43      48      50      51      41      51      67      59      75    2067    7119 
 40964     1004      14      26      22      16      22      25      27      34      29      22      31      32      33      42      39      44      53      40      47      58    1934    7410 
 16154     1006      12      15      18      17      28      25      21      23      25      35      22      25      26      27      43      29      40      35      45      47    1963    7479 
 62489     1012      20      26      24      22      30      35      23      30      35      27      36      47      43      38      48      44      53      50      59      70    1940    7300 
 12500     1021      23      26      19      16      23      36      27      33      28      17      20      22      34      39      46      49      34      51      66      56    1904    7431 
 15214     1031      26      26      20      24      21      26      31      33      27      32      37      28      38      48      45      43      55      59      49      55    2006    7271 
 42796     1051      20      23      23      24      23      20      24      26      33      22      26      19      35      36      22      34      32      41      38      62    1914    7503 
 22871     1066      27      22      21      23      18      22      27      27      26      25      32      39      39      41      41      37      45      50      51      60    2006    7321 
 68502     1080      35      29      26      27      28      28      28      34      27      44      34      43      41      40      56      50      52      59      70      63    1991    7195 
 68551     1082      31      27      22      33      38      30      34      35      44      47      51      51      48      48      59      68      52      56      76      78    2174    6898 
 35089     1083      21      23      22      25      26      34      33      39      34      23      32      34      35      39      45      41      47      44      62      50    2053    7238 
  3996     1086      24      30      30      22      38      31      32      35      30      38      32      22      36      37      38      45      51      56      54      65    2088    7166 
 40758     1089      22      19      27      22      24      27      34      33      40      36      34      38      33      32      44      34      44      54      62      52    1911    7378 
 27367     1095      34      30      26      19      21      25      21      21      36      34      33      29      22      31      31      42      36      38      40      46    2095    7290 
 37481     1107      26      35      36      31      33      25      47      42      38      40      34      35      44      34      37      42      49      55      66      82    1982    7187 
 37598     1130      42      40      32      45      31      34      39      37      45      42      61      43      41      52      45      66      66      61      80      67    2181    6850 
 61812     1136      34      40      29      33      35      45      44      34      45      34      42      41      51      49      52      42      64      56      49      64    2038    7079 
  6494     1137      34      40      42      28      34      35      35      29      38      25      38      37      48      50      49      58      63      65      69      78    2124    6981 
  2709     1143      45      34      46      41      37      40      55      45      44      54      47      36      48      57      54      57      55      70      74      68    2122    6871 
 38109     1143      28      34      32      18      36      37      43      35      39      50      52      58      47      77      40      54      57      62      58      57    2092    6994 
 28605     1153      28      28      30      25      34      42      36      26      43      41      44      37      39      45      45      42      51      51      50      66    1915    7282 
 39602     1158      28      26      35      38      39      25      35      41      32      43      38      36      32      46      42      44      50      46      50      47    1956    7271 
 41368     1158      30      35      25      30      31      46      24      41      45      46      36      51      36      54      53      44      72      49      63      61    2138    6990 
  4770     1182      34      38      39      27      41      52      36      28      37      47      44      54      55      50      60      51      54      67      49      68    2156    6913 
 64147     1201      28      42      31      44      53      43      50      44      30      48      56      54      59      48      59      60      64      59      68      66    2293    6701 
  3467     1203      39      36      36      35      39      27      36      35      32      30      43      30      42      48      49      55      41      65      63      50    1981    7188 
 36962     1206      46      28      35      36      31      37      45      42      35      35      35      42      47      39      56      39      40      49      52      64    2190    6977 
   687     1208      44      44      42      38      43      40      40      50      36      50      51      48      54      57      66      57      67      53      79      63    2200    6778 
 26302     1208      39      32      49      35      30      46      34      48      38      48      54      39      41      52      39      50      61      51      89      54    2139    6932 
  1388     1213      32      51      40      47      52      46      45      58      53      53      42      57      56      70      59      69      58      67      87      51    2223    6684 
 27334     1215      42      32      48      43      42      54      42      48      59      47      43      52      57      58      61      73      67      57      75      66    2247    6687 
 27573     1215      37      44      53      43      44      40      40      54      40      53      59      59      57      46      58      75      60      63      80      70    2347    6578 
  3061     1216      36      32      34      34      36      37      50      54      49      57      43      59      38      53      54      60      60      70      57      50    2195    6842 
 11791     1223      38      28      38      31      42      47      37      45      45      40      42      44      41      41      59      49      54      54      53      71    2178    6923 
 14365     1234      41      32      33      37      34      33      33      39      43      48      39      37      40      31      45      52      45      64      48      43    2130    7053 
 11692     1236      58      44      44      48      45      35      37      38      59      52      48      43      62      59      52      68      56      65      66      72    2198    6751 
 26336     1241      38      45      43      45      42      42      37      36      45      34      45      54      47      56      64      51      57      65      44      58    2185    6867 
 32508     1244      41      31      29      46      32      37      41      36      36      44      37      39      24      43      41      36      49      58      40      49    2248    6963 
  1545     1254      35      31      34      31      36      40      27      35      48      34      39      53      49      56      41      44      48      50      36      47    2183    7003 
  7930     1254      43      44      44      40      43      40      38      45      45      49      44      53      49      49      65      53      64      61      60      51    2092    6928 
   810     1268      33      35      30      27      34      35      45      46      41      49      41      41      47      37      49      46      52      53      50      52    2250    6907 
136101     1291      35      34      57      55      50      46      30      43      49      41      52      39      47      52      44      48      55      50      41      49    2238    6845 
 39842     1320      47      43      47      42      45      66      60      54      66      47      43      57      60      69      71      59      61      87      67      57    2230    6622 
 20461     1325      49      54      66      49      67      52      54      68      66      76      71      53      74      61      72      78      93      79      62      67    2404    6285 
 21600     1326      35      44      58      43      52      40      56      50      52      52      47      58      50      50      62      52      54      63      55      69    2201    6757 
  3301     1338      41      42      49      50      62      52      46      57      47      55      64      45      56      54      58      65      55      62      68      43    2171    6758 
120485     1340      35      42      47      49      35      50      56      49      48      45      59      60      51      58      64      60      62      55      53      38    2223    6761 
 98640     1340      43      32      39      36      42      50      48      50      38      43      53      50      63      58      50      43      58      52      54      48    2323    6727 
 19687     1355      47      45      40      48      45      43      47      44      46      54      63      36      55      48      56      62      61      68      55      52    2141    6844 
 36707     1362      57      62      61      61      61      60      57      61      73      71      50      65      58      66      77      67      54      80      83      72    2377    6327 
112094     1364      33      44      40      44      42      50      44      47      53      58      43      52      45      57      51      57      61      54      55      58    2214    6798 
 10660     1372      39      38      53      45      48      44      48      54      54      57      53      45      58      70      62      58      74      52      57      59    2277    6655 
 21113     1393      60      42      50      49      55      60      50      58      51      56      55      49      59      66      73      65      46      52      57      59    2410    6478 
 53876     1405      62      43      44      41      51      47      61      50      46      54      45      64      65      52      55      54      55      52      76      45    2312    6626 
 27698     1426      61      54      69      59      80      60      69      60      60      57      77      76      73      71      59      80      54      56      76      50    2328    6371 
 53629     1434      48      50      46      42      57      45      58      59      54      47      56      60      55      54      47      44      58      64      60      49    2365    6582 
 16758     1436      47      66      52      62      61      59      64      77      62      66      63      67      85      56      79      69      69      66      77      44    2332    6377 
 27011     1436      40      55      46      53      45      62      61      45      58      58      55      70      76      55      52      62      64      72      53      47    2425    6446 
 29702     1439      50      51      47      55      55      58      68      61      56      51      68      66      59      49      62      61      70      56      55      36    2325    6541 
 31989     1446      48      67      54      41      49      36      45      41      53      50      60      47      67      54      43      54      65      53      47      37    2436    6553 
 17095     1455      72      65      61      73      74      70      66      57      83      62      57      65      66      57      72      81      79      60      77      68    2238    6397 
  1370     1467      59      39      63      68      61      62      56      64      78      70      64      71      51      84      67      61      76      64      61      58    2326    6397 
 34835     1507      65      78      57      67      55      75      63      69      74      87      70      83      66      70      52      63      77      56      64      57    2347    6305 
 16941     1544      95      74      62      87      78      77      74      79      80      81      93      87      80      70     103      78      88      74      82      66    2452    5940 
 30759     1546      55      66      51      64      68      65      69      68      70      69      74      75      69      78      76      85      81      89      62      50    2321    6295 
 40675     1547      57      61      48      58      68      71      57      53      56      59      73      61      62      65      52      55      63      42      48      48    2423    6420 
 67959     1549      73      96      72      63      75      66      86      93      74      83      64      92      72      80      83      89      90      80      77      48    2428    6016 
 24422     1553      55      57      77      62      77      68      60      80      61      69      71      60      82      75      70      69      60      54      52      38    2380    6323 
 34108     1554      71      76      63      81      59      67      52      67      75      79      70      68      70      65      78      90      59      67      77      45    2358    6263 
 38935     1566      52      76      77      70      85      88      96      67      80      79      74      88      91     107      74      81      92      80      65      50    2421    6007 
142018     1569      51      68      68      60      71      62      66      74      71      81      57      78      99      75      65      66      58      47      51      38    2525    6169 
 29744     1569      57      56      63      66      56      61      68      46      59      50      65      72      62      69      53      52      50      57      51      33    2471    6383 
 12094     1575      72      65      68      69      62      58      49      50      66      56      70      55      63      68      64      57      59      59      51      39    2361    6439 
 36640     1582      52      73      69      48      74      57      59      56      56      53      58      52      78      66      55      68      58      57      49      44    2563    6255 
123539     1585      62      56      64      68      64      61      57      55      50      47      78      64      45      72      73      54      69      63      51      37    2453    6357 
145086     1585      73      71      68      63      81      55      71      64      74      78      70      67      75      81      47      66      62      67      64      42    2410    6251 
 15842     1595     102      69      68      49      85      64      67      71      53      79      67      87      82      56      71      79      55      57      48      43    2353    6295 
 35527     1598      68      60      70      81      74      80      72      71      73      74      84      56      97      78      66      77      67      79      63      42    2453    6115 
 23325     1599      64      61      84      65      84      71      57      56      69      70      61      63      72      60      65      72      51      69      57      43    2498    6208 
 20032     1610      54      53      62      63      66      75      80      76      70      66      66      60      82      64      71      62      75      45      51      29    2452    6278 
146183     1622      84      72      80      65      89      98      71      74      78      86      90      89      92      96      78      72      81      59      71      40    2401    6034 
 30155     1630      69      74      81      84      81      70      64      67      79     100      94      84      92      72      62      92     113      59      65      45    2429    6024 
 28548     1637      80      75      64      85      69      70      73      66      64      54      71      75      71      76      63      84      73      51      51      45    2429    6211 
  1966     1644      92      94      83     103      92      88     101      91      77      83     101      99      95      86      94     100      64      90      62      55    2620    5630 
 33084     1648      69      80      73      79      65      68      74      78      68      76      75      65      78      59      88      76      67      62      56      49    2481    6114 
 10462     1664      67      70      75      53      80      78      74      68      66      80      74      69      71      67      48      57      58      59      60      36    2479    6211 
 24562     1670      75      88      80      87      79      71     100      82      90      70      88      86      79      82      80      80      77      62      53      51    2375    6065 
 40048     1671      87      84     106      97     102      81     105      96      96      99      88     104      85      88      97      84      79      94      63      48    2472    5745 
  9091     1695      61      74      67      82      74      77      93      73      67      74      93      72      75      65      80      61      75      56      60      28    2322    6271 
 36210     1731      77      89      95      79      70      95      86      76      77      84      97      88      79      77      57      78      50      63      56      46    2516    5965 
 42283     1743      83      96      87      93      92      74      90     108      86      99      94      85      94      87      88      80      89      70      47      42    2436    5880 
  6890     1758     108      94     104     109     104     129     110      99     109      92     112     122      80     101      93      90      93      77      80      46    2546    5502 
 14704     1765      93      93     111     109      90      99      95     105      95     101      92      88     100      92      82      73      73      70      57      38    2483    5761 
 29876     1799      99      83      85      80      92      84      97      87     100      73      82      83      73      86      69      67      59      75      54      36    2399    6037 
 24570     1801      94      98      97     102      99      91      73      94      89      83     105      96      75      76      74      76      70      73      55      37    2464    5879 
 19752     1816     107     111      96      96     115     102      94     104      93      88      76      98      92      92      87      79      73      74      51      40    2561    5671 
 61325     1847     108     112     113     109      99     106      95     108     124     106     107      76      91      93      92      96      78      73      54      37    2548    5575 
 64758     1850     108      97      91      90      93      96      78      94      94      95      89      96      84     103      83      66      66      56      53      44    2423    5901 
 11627     1865     117     126     116     110     107     121     132     118     108     115     132     115     105     119      95     111      96      79      66      33    2691    5188 
 37945     1867     110     101     114      99     101     105     109     104      91     122      96     109     119      94      92      79      85      65      51      52    2543    5559 
 36277     1874     148     125     113     133     120     108     115     118     109     129     108     105      92     101     101      84     107      79      67      42    2558    5338 
 16303     1877     117     107      88     124      77      83      85     109      86      87     109      85      80      90      77      85      85      54      58      28    2591    5695 
 61333     1889     126     129     126     115      95     113     113     115     112     132     117     104     114     106     104      89      82      95      64      40    2354    5555 
146928     1904      95      93      84     113     103      98      93     106     104      94      99     103      67      72      78      67      67      60      36      30    2614    5724 
145953     1922     119      99     110      96     113     110      98     102     102     101     100      90      87      84      84      76      92      55      52      34    2548    5648 
  9286     1926     117     135     120     126     117     123     113     120     120     120     105     125      87      97     107      90      83      75      67      26    2491    5436 
 39073     1927     104     100      97     113      86      95     100      99     101      91      88      80      72      95      84      90      69      47      64      34    2724    5567 
  6593     1972     140     109     109     109     100      95     105     103      93      73      85     104      77     100      92      67      56      66      30      29    2699    5559 
 17772     1979     159     147     136     162     138     165     138     141     127     144     123     135     132     109     111     102      90      75      50      47    2569    5000 
  3970     1988     147     127     137     117     145     124     135     117     108     104     104     107     122     106      97      95      88      79      54      23    2509    5355 
 24075     2010     131     122     132     147     127     135     110      95     116     117     103      98     102      93      98      83      65      69      53      21    2520    5463 
 28365     2115     106     131     126     125     120     126     117     114     112     113     102      95     105      97      83      75      59      48      52      17    2642    5435 
 23846     2116     150     164     152     141     131     129     126     133     138     132     141     135     111      91      94     116      95      77      54      32    2501    5157 
 11049     2128     106     140     125     130     107     133     130     111     120     102     117     117     122      89      94      76      77      58      62      23    2401    5560 
 36822     2169     132     144     141     117     118     122     125     130     119     105     111      96      84      94      82      72      57      64      48      28    2781    5230 
 13532     2189     133     137     152     152     128     112     124     111     105      87      95      91      87      80      84      67      67      66      40      31    2702    5349 
 41046     2203     149     137     153     160     148     137     134     141     119     124     126     134     110      85     113      83      76      73      46      24    2637    5091 
 28217     2260     137     161     147     153     119     123     119     117     129     111     118      96      97      84      80      95      61      58      51      23    2833    5088 
 20883     2323     184     159     143     132     152     145     141     165     144     121     110     111     103     102     101      73      61      53      34      21    2752    4993 
 18929     2399     179     182     167     170     165     141     160     168     151     137     111      99      97      95      85      86      70      53      35      14    2503    5132 
 24281     2521     212     206     220     170     158     186     170     129     124     154     144     108     115      97      91      74      56      48      34      22    2530    4952 
123836     2550     209     222     212     242     183     207     188     181     181     168     146     147     107     120     106      87      82      68      34      26    2578    4506 
 19737     2643     204     191     170     178     195     182     192     167     156     143     130     113     113      93     104      77      60      42      31      14    2761    4684 
  5322     2694     205     237     206     184     206     162     187     179     147     133     140     134     104     100      88      74      55      41      30      13    2803    4572 
 41376     3418     405     356     349     358     308     275     238     223     206     201     169     151     114     111     105      88      51      32      17       6    2678    3559 
