 16886      342       3       3       2       2       1       0       3       0       2       3       2       3       3       0       4       2       6       5      16      30     917    8993 
 53520      519       3       2       6       3       4       0       6       2       5       9       5       7       2       3      10      13       9      20      19      51    1236    8585 
 21030      534       4       6       7       8       4       5       8       4       3       8       4       9       8      15      16      12      17      22      27      67    1419    8327 
 53140      543       4       3       8       5       5       6       8       8       4      10       9       7      11       8      10      10      13      20      28      40    1268    8515 
 54015      570       7       0       4       4       5       4       3      10      10       8      10      10       8       7       7      11      14      16      24      46    1303    8489 
 53595      601       5       3       9       6       8       8       8       5       8       7       8       7      10      11      11      10       9      24      35      51    1289    8468 
 23838      645       8       9       7       8       8      12       6       7       9      19      10      10      15      16      15      19      21      23      36      68    1544    8130 
 13219      664       9      12       8       7       9      14       7       8      23      13      14       9      14      14      19      23      21      38      50      90    1602    7996 
 22798      680       6       8       8       8       5       7       9       6      11       5      14      25      14      13      20      21      23      29      39      52    1519    8158 
 32276      682       8       5      11       9      11      10       5       8       8       8      10      14      15      20      23      19      18      27      29      48    1649    8045 
  2220      683      11       5      14       8      11       6      10      10       3      11      13      11      16      13      19      29      21      39      33      69    1602    8046 
 41558      696      11       7       4       7       9       9      14      15      10      18       9      11      14      20      20      26      22      26      36      71    1446    8195 
  1149      698       7       6       5       8       5      16       4      10       7      15      11       6      24      15      15      22      28      25      33      51    1492    8195 
 26906      725       7       9      12      10      10      14      12      13      14      12      19      15      20      18      25      24      25      33      34      71    1509    8094 
 24414      732       5      13       8      11      10       9       6      20      22      13      14      19      14      24      20      28      31      37      39      54    1606    7997 
  5207      735      12      11      13      11      12      10       8      24      19      18      20      16      22      21      40      28      23      34      51      76    1841    7690 
 28068      736      12       4      13      11       9      10       6      17      16       9      10      18      10      15      31      28      32      30      39      61    1576    8043 
 14944      742      10      10       7       7      12      15       6      15      12       9      17       9      11      21      18      35      29      35      45      62    1653    7962 
 52951      752       9      12      14       7       6      19      15      10      15       8      14      15      25      27      29      35      29      49      66      73    1701    7822 
 37291      752      11       6       7      12      14      14       9      13      13      12       9      15      15      16      21      22      27      25      37      51    1499    8152 
 27995      758      12       8      12      10      11      13      18      14      11      13      20      13      28      18      20      25      25      37      45      64    1568    8015 
 25866      760       6      11       7      13       9       9      12      13      10      18      11      22      15      10      24      23      24      28      38      73    1661    7963 
 12310      761      11       8      18       9      14      11      14       9      16      22      14      14      18      14      21      23      35      25      50      68    1541    8045 
 36988      763       3       6       7       7       6       8      14      19      14      11      13      24      28      20      17      25      23      39      39      65    1676    7936 
 41020      768      11      13      10       6      12      19       6      14      18      19      14      15      10      25       9      20      21      32      46      77    1590    8013 
  4796      773      13       7      12      11       7      15      13      12      21      21      18      23      27      25      19      23      35      40      46      80    1905    7627 
 24596      774       6       8       9      14      13      18      18      21      12      17      17      24      23      18      29      23      39      43      58      69    1776    7745 
 17004      781       7      13      11       8      11       7      10      16      13      12      22      22      20      16      29      27      25      34      52      71    1591    7983 
 14258      792      12       6      14      10      19      20      18      15      19      18      16      25      21      17      24      33      22      43      53      64    1825    7706 
  8722      798       9       8      10      16      17      17      19      15      11      19      15      19      16      19      23      16      35      41      43      66    1724    7842 
  3285      805       9      11      16      19      14      19      20      15      17      14      22      21      24      31      24      31      31      21      41      54    1636    7910 
 52639      809       9      20      12      12      19      17      16      14      14      16      25      25      24      27      27      37      37      42      47      74    1880    7606 
139311      809      13      11       9      10      12       9      12      21      16      21      23      20      19      19      23      31      39      23      39      54    1653    7923 
  1123      812      14      10      15      11      23      17      12      18      15      24      17      21      21      33      31      32      27      43      59      89    1954    7514 
 21576      817      15      15      14      14      18      18      28      19      16      21      13      11      17      23      38      27      32      42      47      53    1788    7731 
 14621      818      12      11      12      12      12      10      12      12       9      15      15      15      22      22      23      20      31      36      43      58    1609    7989 
 18770      821      13      19       7      13      10      21      21      23      16      16      31      22      29      18      28      26      27      32      52      69    1782    7725 
 39164      826      11      20      16      19      17      18      22      23      15      13      22      18      26      27      28      27      31      43      52      74    1965    7513 
 13920      832      12      10       9      12      11      14      16      14      17      11      27      24      23      20      22      28      24      40      53      54    1543    8016 
  4416      841      12       8      16      18      14      25      18      25      16      22      18      23      24      23      33      35      30      35      57      59    1887    7602 
  2154      847      10      13      12      19      14      17       9      16      16      22      21      22      23      33      33      28      42      48      45      51    1654    7852 
 24661      851      13      13      21      10      11      16      15      23      22      23      21      16      20      22      31      28      29      31      46      65    1593    7931 
  6296      856      13      25      18      16      14      17      26      17      14      24      26      26      29      24      30      38      31      41      64      67    1822    7618 
 64683      857      13      13      19      14      17      15      15      19      28      26      25      20      30      24      32      34      30      46      52      72    1906    7550 
 53306      869      15      12      16      15      20      14      13      13      21      17      19      24      22      26      27      32      34      44      42      59    1560    7955 
 32243      872      17      16      13      16      17      12      17      22      19      27      19      21      22      35      22      41      37      45      40      61    1904    7577 
 31393      877      14      17      15      22      17      30      12      24      20      20      19      16      25      33      30      33      46      51      56      62    1732    7706 
 32755      881      18      20      19      19      14      16      15      14      30      20      35      35      22      25      34      29      43      52      57      70    1881    7532 
  1081      886      12      15      12      20      16      13      16       9      16      24      31      26      24      24      34      27      35      43      34      68    1829    7672 
 30098      888      17      17      15      13      24      22      28      27      26      23      22      28      32      29      32      47      33      52      65      83    2012    7353 
 53546      895      15      19      19      13      16      17      15      16      16      32      26      21      31      32      46      36      39      30      43      75    1888    7555 
  7054      900      22      21      22      24      15      19      20      29      20      30      28      31      30      33      31      32      49      56      61      59    2055    7313 
 22178      903      19      12      14      18      25      26      25      28      20      21      23      32      21      24      30      40      45      43      52      68    1870    7544 
 36863      908      19      23      23      15      21      20      24      25      23      24      23      16      20      30      28      46      44      46      67      66    1941    7456 
 42218      909      15      18       9      12      10      13      14      20      19      17      23      29      14      33      28      34      39      43      39      52    1649    7870 
 22111      912       9      10      24      16      14      22      21      22      22      19      24      13      24      23      21      29      32      46      46      73    1628    7862 
  7310      917      19      11      11      20      26      25      21      17      19      27      26      19      24      26      34      31      46      29      52      64    1884    7569 
 38588      918      17      21      15       9      15      12      15      20      19      20      21      22      25      27      43      21      34      42      36      71    1886    7609 
   463      937      16      18      16      12      25      20      19      31      20      29      25      21      28      33      46      34      46      51      44      62    2109    7295 
 34561      947      17      16      16      23      27      18      20      26      20      20      29      30      29      26      35      46      38      38      49      74    1798    7605 
  5876      949      24      15      25      21      24      17      29      21      21      31      33      25      33      38      30      38      38      42      59      80    1756    7600 
 21246      958      26      14      28      19      19      19      28      30      32      24      23      26      18      30      43      43      43      47      70      60    1920    7438 
  1297      966      17      24      14      25      18      16      25      24      16      26      38      25      27      29      28      33      41      48      53      61    1862    7550 
 42408      981      18      22      24      19      13      25      23      30      26      32      24      30      43      34      28      32      48      34      62      62    1856    7515 
 23119      982      18      12      17      21      22      25      27      27      22      24      25      38      24      37      39      33      35      34      50      67    1832    7571 
  8298      985      21      25      26      17      26      18      19      25      20      30      35      30      28      27      38      51      36      45      43      60    2001    7379 
 25932      994      18      30      21      20      18      21      20      28      18      28      25      26      32      34      35      36      43      48      43      49    1859    7548 
 35477     1003      21      34      22      29      15      25      29      38      27      34      35      36      36      43      39      38      47      58      64      56    2017    7257 
 40964     1004      22      20      19      22      23      19      20      24      26      28      32      42      36      40      40      42      46      46      46      66    2065    7276 
 16154     1006      19      27      21      32      30      30      22      32      29      38      28      35      33      32      41      41      55      51      49      59    2033    7263 
 62489     1012      16      26      25      20      20      26      27      20      24      29      34      36      34      40      41      38      44      55      51      58    1831    7505 
 12500     1021      23      24      21      17      27      27      20      35      31      26      37      25      29      30      31      46      45      56      69      62    1845    7474 
 15214     1031      20      23      32      32      23      20      20      26      29      34      37      43      44      35      44      45      35      64      59      80    1929    7326 
 42796     1051      26      30      22      24      28      21      23      27      38      27      27      31      39      38      42      37      60      48      47      62    1922    7381 
 22871     1066      26      14      28      22      22      32      16      33      28      31      32      40      29      34      50      32      53      45      39      68    1871    7455 
 68502     1080      22      39      23      23      33      21      35      31      35      38      38      32      44      38      40      39      45      46      55      84    1981    7258 
 68551     1082      24      18      34      23      24      31      28      23      26      27      29      29      33      40      35      44      49      46      55      57    1866    7459 
 35089     1083      24      17      22      37      34      33      28      21      34      44      33      37      40      47      47      33      63      41      73      66    2085    7141 
  3996     1086      29      35      36      36      28      41      38      37      33      47      50      49      48      43      57      43      65      51      61      64    2282    6827 
 40758     1089      32      32      28      29      22      28      36      34      34      34      31      48      33      45      51      58      59      45      55      56    1927    7283 
 27367     1095      20      32      35      46      34      38      37      38      36      48      34      31      35      41      46      60      63      56      67      70    2120    7013 
 37481     1107      30      19      18      32      25      20      23      27      38      30      40      31      32      35      33      40      48      47      52      50    1971    7359 
 37598     1130      40      35      19      39      35      34      37      34      27      41      42      39      43      42      42      61      44      41      61      64    2112    7068 
 61812     1136      35      30      37      33      35      27      29      40      39      53      24      40      41      54      52      55      63      72      57      70    1946    7168 
  6494     1137      27      30      30      23      36      30      33      24      31      24      41      43      41      44      41      38      51      56      59      59    1967    7272 
  2709     1143      35      32      31      39      26      38      36      39      28      51      44      37      45      57      48      53      50      62      53      71    2089    7036 
 38109     1143      20      29      24      34      22      38      38      36      33      26      30      38      43      45      46      48      54      56      67      54    2095    7124 
 28605     1153      35      32      28      28      35      44      34      43      38      47      43      36      41      47      56      53      57      66      74      51    2239    6873 
 39602     1158      35      32      41      32      33      31      42      43      44      39      48      36      47      43      42      67      57      58      48      59    2020    7103 
 41368     1158      39      35      33      31      24      40      43      33      39      39      40      54      48      55      48      40      59      53      66      43    2113    7025 
  4770     1182      39      37      36      23      36      39      36      43      51      46      56      41      52      46      54      53      62      73      54      55    2318    6750 
 15222     1184      32      32      37      30      35      31      33      36      31      36      50      39      43      38      40      54      45      45      54      60    2012    7187 
  3467     1203      46      32      35      44      41      49      54      40      45      54      59      49      50      50      63      56      53      72      69      63    2276    6700 
 36962     1206      27      44      25      34      39      35      47      43      49      36      50      50      36      49      54      41      66      57      66      49    2341    6762 
   687     1208      29      30      44      34      43      35      39      39      34      52      42      44      51      46      59      64      51      65      45      51    2101    7002 
 26302     1208      26      32      36      36      34      30      35      40      38      35      43      46      27      55      41      44      36      61      59      56    1941    7249 
  1388     1213      32      36      31      33      41      37      38      43      39      40      49      51      52      39      55      52      71      63      59      45    2090    7004 
 27334     1215      43      23      40      29      36      42      31      40      40      41      48      39      39      53      54      57      52      52      75      54    2227    6885 
 27573     1215      36      39      35      37      35      39      43      40      45      37      38      40      46      49      50      57      71      60      67      60    2072    7004 
  3061     1216      34      31      34      36      32      36      44      40      46      37      45      50      56      38      44      53      69      86      66      49    2243    6831 
 11791     1223      25      36      37      41      43      35      44      34      42      39      41      50      47      38      56      54      52      71      55      59    1907    7194 
 14365     1234      40      37      39      54      40      39      41      46      49      45      48      40      46      54      52      62      69      50      72      38    2110    6929 
 11692     1236      37      27      45      37      40      39      45      38      53      50      47      42      45      52      56      49      40      55      51      45    1972    7135 
 26336     1241      36      34      30      37      51      43      33      44      46      43      41      45      43      55      42      45      57      56      65      53    2099    7002 
 32508     1244      45      42      35      34      38      48      43      44      49      56      51      36      64      59      59      57      57      61      51      71    2301    6699 
  1545     1254      30      43      50      38      38      37      54      48      52      52      40      52      64      62      54      59      60      75      60      69    2224    6739 
  7930     1254      33      46      28      41      42      34      45      34      44      45      52      54      46      57      63      44      54      67      52      60    2153    6906 
   810     1268      32      42      50      48      45      45      42      43      40      53      55      52      53      62      69      50      69      52      67      55    2334    6642 
136101     1291      47      61      49      39      50      38      43      42      42      48      42      45      58      47      65      54      65      68      56      58    2347    6636 
 39842     1320      34      54      44      53      55      34      45      28      44      52      47      54      39      64      50      61      61      71      53      46    2172    6839 
 20461     1325      61      46      46      42      46      39      62      58      34      52      61      55      70      58      51      73      56      73      72      59    2354    6532 
 21600     1326      49      40      44      43      52      47      44      37      56      51      49      59      65      56      68      57      60      52      68      63    2156    6784 
120485     1340      63      51      57      49      61      56      65      57      62      61      60      57      69      80      80      68      55      77      72      68    2554    6178 
 98640     1340      47      56      57      50      52      59      42      51      62      62      64      62      56      48      56      66      55      67      62      48    2154    6724 
 19687     1355      49      58      59      46      50      47      55      38      60      59      47      53      58      63      71      66      64      68      61      63    2173    6692 
 36707     1362      56      42      56      44      49      43      48      45      52      44      59      53      62      63      64      51      55      50      54      55    2221    6734 
112094     1364      53      54      58      46      46      52      52      61      56      43      71      40      53      69      57      73      69      68      77      50    2425    6427 
 10660     1372      53      49      48      76      67      60      61      53      55      64      69      69      67      82      75      67      64      70      61      64    2569    6157 
 21113     1393      51      62      60      64      68      61      76      57      67      75      59      50      61      60      57      60      73      76      73      46    2528    6216 
 53876     1405      43      60      45      45      51      54      51      43      51      53      43      51      45      57      63      47      58      57      54      47    2142    6840 
 27698     1426      58      62      61      56      60      55      64      62      75      67      49      62      58      66      71      66      77      58      74      41    2385    6373 
 53629     1434      60      54      50      57      62      56      62      62      69      64      55      71      71      76      61      63      74      58      67      43    2220    6545 
 16758     1436      47      65      58      53      62      61      60      54      53      60      37      74      61      66      51      73      60      58      80      58    2412    6397 
 27011     1436      56      58      65      69      49      45      48      44      57      41      53      62      69      45      45      43      58      57      62      45    2203    6726 
 29702     1439      54      45      67      71      61      55      74      63      55      66      60      64      67      70      66      63      73      63      72      50    2205    6536 
 31989     1446      59      53      79      58      80      50      58      49      63      53      64      62      68      83      56      63      74      75      61      45    2370    6377 
 17095     1455      65      72      62      56      59      64      70      52      76      60      69      71      63      77      70      80      64      62      53      60    2491    6204 
  1370     1467      64      73      55      67      60      63      68      54      70      56      70      56      66      65      63      76      65      55      51      40    2494    6269 
 34835     1507      71      59      61      75      71      60      73      58      66      71      77      86      62      69      72      78      87      63      54      60    2192    6435 
 16941     1544      78      72      76      68      71      82      76      82      80      67      70      94      98      86      93      69      72      72      81      50    2630    5833 
 30759     1546      79      65      86      68      74      62      62      64      89      78      87      67      57      69      58      67      75      71      56      49    2476    6141 
 40675     1547      79      71      73      74      82      88      82      81      81      72      79      65      74      73      76      86      63      58      55      60    2413    6115 
 67959     1549      62      84      63      66      65      71      62      86      69      64      73      61      74      66      64      85      70      78      55      30    2551    6101 
 24422     1553      82      73      62      89      66      61      81      78      75      72      79      70      85      68      68      80      92      72      56      62    2302    6227 
 34108     1554      68      53      67      57      80      68      68      59      70      67      79      65      71      69      59      75      60      60      60      44    2442    6259 
 38935     1566      71      59      63      72      57      55      56      55      79      57      85      69      80      68      60      69      60      79      69      56    2378    6303 
142018     1569      70      68      80      66      89      80      91      63      78      74      53      65      65      67      62      63      63      61      50      27    2464    6201 
 29744     1569      65      78      70      58      66      70      66      69      57      54      54      63      78      71      61      63      78      66      47      41    2233    6492 
 12094     1575      65      77      67      70      74      67      79      68      63      60      93      72      63      67      75      75      64      64      57      40    2429    6211 
 36640     1582      57      69      66      73      74      68      87      70      87      74      70      74      76      73      64      69      64      68      67      38    2282    6330 
123539     1585      55      75      64      69      68      66      75      79      65      70      65      78      60      75      72      79      71      58      50      29    2444    6233 
145086     1585      64      78      73      63      59      73      72      67      72      69      57      64      67      70      68      77      59      65      49      53    2313    6368 
 15842     1595      86      76      73      78      84      93      79      84      87      85      77      79      84      85      78     101      77      83      61      43    2737    5670 
 35527     1598      76      66      56      67      71      83      51      76      66      82      68      74      77      78      75      61      64      74      71      38    2462    6164 
 23325     1599      73      71      64      85      71      65      60      73      83      89      76      87      83      66      86      68      62      66      52      42    2515    6063 
 20032     1610      75      66      67      57      88      65      70      68      78      61      76      84      79      71      65      69      73      69      44      43    2321    6311 
146183     1622      63      73      79      69      79      67      76      66      67      63      68      70      78      71      73      62      62      50      46      33    2301    6384 
 30155     1630      69      79      74      74      75      70      75      97      74      72      63      74      63      64      71      64      48      49      54      51    2306    6334 
 28548     1637      79      84      79      77      76      83      70      79      71      93      86      82      80      86      70      76      62      64      52      43    2332    6176 
  1966     1644      80      68      79      89      76      87      63      86     101      81      86      58      85      77      85      66      72      74      50      43    2556    5938 
 33084     1648      94      93      83      81      92      83      88      85      87      81      82      84      87      73      77      78      70      62      55      39    2640    5786 
 10462     1664      69      79      63      67      75      81      63      74      85      61      99      81      80      53      80      69      76      56      51      37    2204    6397 
 24562     1670      90      85      81      81      86      88     103      70      96      74      89     113      83      69      71      87      86      67      78      46    2549    5808 
 40048     1671      64      63      91      75      78      80      69      68      70      66      85      66      70      64      76      72      65      61      54      40    2330    6293 
  9091     1695      66      86      88      83      74      69      78      84      92      83      90      80      84      73      86      68      56      58      55      47    2439    6061 
 36210     1731      62      84      92      95      76      84      94      85      85      96      86      77      75      81      77      73      88      46      69      37    2589    5849 
 42283     1743      61      89      82      92      92      75      73      90      75      79      75      79      79      75      57      61      75      54      49      39    2538    6011 
  6890     1758     104      97     106     122      99     134     114     114     110     112     109     114      85     107      98      86      95      84      71      47    2766    5226 
 14704     1765      84      81     111      81      81      83      72      89      71      77      87      87      98     100      75      79      69      81      53      30    2413    5998 
 29876     1799     117      80      97     104     126     102     102      96     104      93      91     112      76      92     100      74      82      53      67      41    2658    5533 
 24570     1801     111      91      87     115     106     106     102      86     110      98      86     101      88      98      96      62      83      73      61      36    2420    5784 
 19752     1816     104     122      97      98      81      91     100      96      86      84      73      87      98     111      78      65      66      56      51      42    2337    5977 
 61325     1847     110     104     108     124     105     120      91     130      87      97     114     109      96      89     100      84      70      70      47      38    2622    5485 
 64758     1850     141     123     107     119     116     111     111     106     120      98     101     100     123     119     106     121      89      76      70      41    2732    5170 
 11627     1865      97     114     102     112     103     110     123      98     107     100      94     106      95      98      82      90      72      70      55      49    2698    5425 
 37945     1867     117     105     113     120     102     105     119     108     103      96      99     128     111      88      90      81      81      65      61      38    2632    5438 
 36277     1874     108     105     108      95     122     122     118     110      89      77      84      86     100     102      79      85      50      66      47      37    2473    5737 
 16303     1877     106      89     102     101      87      95      93     103      99     106      97      84      83      85      66      65      69      57      50      36    2556    5771 
146928     1904      94     112     111     108      85      98      95      97     120      94     100      98      80      76      86      76      65      75      59      30    2489    5752 
145953     1922      89      99     107      99     102     103     107     105     117      92      67      90      87      82      73      59      67      61      48      33    2469    5844 
  9286     1926     111     119     106     105     104     102     111     125     109      99      94      89      99      80      77      70      67      53      42      40    2598    5600 
 39073     1927     105      98     111     111     114     103     108     116      90     128      96     105     102     108      99      73      68      73      50      30    2701    5411 
 24745     1960     100     108     118     121     127     135     113     137     124      93     107     116     104      94      96      96      76      67      53      38    2484    5493 
  6593     1972     122     130     120     111      89     108     117     122      94     109     107     104      97      89     101      81      76      63      48      36    2387    5689 
 17772     1979     119     121     115      95      90     109     108      93     103     112     104      95     103      71      82      69      78      55      56      21    2354    5847 
  3970     1988     121     110     117     116     133     121     127     139      93     117      98      97      97      82      78      76      63      61      39      34    2721    5360 
 24075     2010     121     107     124     130     115     118      90     124     105     109     106     102      98      96      73      82      78      66      59      21    2625    5451 
 28365     2115     149     150     147     134     144     130     158     143     140     120     114     133      97      85      84      96      74      64      57      24    2516    5241 
 11049     2128     166     140     147     151     151     160     159     129     134     121     113     115     116     116      92      91      83      81      45      36    2642    5012 
 36822     2169     172     160     148     156     145     138     136     119     132     119     106     128     100     122     118     101      78      57      61      27    2438    5239 
 13532     2189     144     161     138     139     144     133     113     119     135     124     121     107     107     101      83      96      63      66      44      22    2406    5434 
 41046     2203     150     140     138     144     148     144     133     136     111     132     107     104     100      92      95      71      61      61      52      23    2384    5474 
 28217     2260     165     164     156     155     143     157     168     137     124     137     131     118     100     111      89      96      69      49      42      31    2690    4968 
 20883     2323     183     169     187     177     159     179     169     161     151     153     145     129     121     117      91     107      63      72      44      24    2707    4692 
 18929     2399     187     187     155     148     135     155     147     148     143     133     129      99     124     102      94      68      70      37      41      23    2498    5177 
 24281     2521     210     174     199     204     192     191     182     148     158     165     160     131     123     110      93      90      74      61      33      15    2756    4531 
123836     2550     213     215     204     177     187     178     176     184     147     151     117     140     124     106      96      84      86      45      28      18    2610    4714 
 19737     2643     238     250     216     249     192     218     190     169     195     164     177     143     138     101     101      97      74      50      33      19    2471    4515 
  5322     2694     264     229     224     218     207     193     172     173     170     177     154     121     113     105      95      77      79      58      31       9    2386    4745 
 41376     3418     380     371     349     326     369     280     242     253     197     217     189     178     134     110      85      69      55      32      12       3    2459    3690 
