 15598      409       1       0       1       4       1       1       2       1       5       1       1       1       3       1       2       7      17       7      20      31     887    9006 
 53520      519       1       5       2       3       6       1       5       3       7       4       6      14      13       9      10      10       7      17      24      54    1304    8495 
 53140      543       6      10       7       5       3       1       5      10      10      11      11      10      10      15      21      23      18      24      38      84    1574    8104 
 54015      570       5       5       6       8       7       5       4       8       9      10       8      18       7      11      12      17      20      19      45      77    1543    8156 
 53595      601      10       6       6       6      15       4      11      11      12       9       9      10      19      14      15      19      20      32      46      74    1622    8030 
 23838      645       9      12       8       6       9      12      12      17      11      12      13      18      15      18       8      19      23      21      36      68    1542    8111 
 13219      664       9       5       7       7       6       9       8       5       7       6       6      12      13      11      14      17      21      30      42      51    1333    8381 
 22798      680       7      15      12      15      10      10      11      10       8      10      15      11      18      17      24      20      28      34      39      81    1613    7992 
 39107      680      12       8       7      15       8      14      12      11      16       9      11      18      18      15      21      19      32      27      45      68    1674    7940 
 32276      682       7      12       9      13      12      19      15      11      20      16      20      19      24      15      27      28      28      44      48      77    1799    7737 
  2220      683       8      10      11      14      10      15      11      17      12      16      12      21      20      21      19      23      46      28      48      86    1754    7798 
 41558      696      13      11       7      10      15      16      14      13      17      19      25      27      21      20      23      26      26      45      59      87    1829    7677 
  1149      698      10      12      10       6       6       9      11      11      12      15      11      10      24      18      16      26      27      29      51      68    1419    8199 
 35063      714      15      11      10       9      13      15      15      13      15      14      19      20      22      21      15      23      36      36      55      72    1715    7836 
 26906      725      10       8      15      10      13      12      10      19      16      16      11      11      15      12      23      24      24      23      49      64    1467    8148 
 24414      732      10      13       7      15      13      12      14      12      15      16      20      20      21      16      36      31      38      50      64      71    1687    7819 
 22186      733      11      15      10       6       7      18      11       9      16      11      20      21      22      14      15      21      24      17      38      53    1606    8035 
  5207      735      14      12       8      15      15      11      24      13      12      15      18      30      20      22      19      26      28      40      43      57    1745    7813 
 28068      736       6       5       7      12       7       7       6      12      10      17      12       9      19      17      17      18      23      31      35      54    1353    8323 
 14944      742      13      14      13      16       8      10      17      12      15      13      16      33      24      23      30      29      38      47      50      85    1935    7559 
 52951      752       6       5       8      14      13      12      12      13      17      19      12      18      12      16      16      33      25      20      39      53    1477    8160 
 37291      752      17      19      21      15      18      16      14      17      13      18      14      23      19      21      31      23      33      46      55      86    1923    7558 
 27995      758      16      14      12      18      11      16      15      17      13      25      23      22      22      35      35      36      40      34      54      71    1877    7594 
 25866      760      11      14      12      11      11      13      23      16      27      26      15      23      22      17      28      31      35      45      50      77    1742    7751 
 12310      761      15      20      19      11      17      21      15      21      26      16      13      16      22      26      32      32      40      44      56      85    1983    7470 
 36988      763      17      13      13       9      13      17      19      16      12      17      22      15      16      26      29      29      28      43      57      80    1837    7672 
 41020      768      15      10      22      17      20      15      16      16      21      18      27      26      24      40      34      38      47      50      69      73    1946    7456 
  4796      773      13      10      12      11      14      15      15      17      16      18      17      21      16      21      27      30      30      38      53      88    1551    7967 
 24596      774      13       8      11      14      10      10      11       9      15      14      17      14      11      15      21      24      37      36      37      60    1650    7963 
 17004      781      16      10      11      15      20      25      17      15      19      22      19      16      26      30      26      23      40      36      36      71    1579    7928 
 14258      792      12      13      15      16      16      14      18      21      10      25      27      24      26      27      31      30      36      39      62      92    1947    7499 
  8722      798       5      12      18      15      15      11      11      10      15       9      17      21      17      21      25      22      28      33      25      48    1578    8044 
  3285      805      16      20      16      19      21      16      17      23      26      23      20      25      26      27      33      29      43      44      51      71    1855    7579 
 52639      809      10      17       5       9      19      13      14      13      20      20      13      11      16      18      17      30      33      27      37      50    1445    8163 
139311      809      14      17      18      14      15      19      18      19      26      23      25      20      24      40      29      36      43      51      56      68    1964    7461 
  1123      812      17      13      24      17      14      21      22      26      21      25      30      17      28      32      26      38      29      37      62      84    2026    7391 
 21576      817       6      13       8       7      18      18       7       9      16      13      11      16      21      19      24      24      26      30      42      35    1507    8130 
 14621      818      17      13      14      18       7      13      17       8       9      19      12      16      25      17      24      19      26      34      35      47    1440    8170 
 18770      821      21      18      18      21      11      17      18      26      15      17      17      31      24      29      34      29      36      32      48      71    1926    7541 
 39164      826      12       9      11      11      14      17      18      14      10      14      16      17      19      19      17      30      29      24      45      58    1602    7994 
 13920      832      13      13      13      15      14       9      10      17      22      11      18      13      21      19      15      25      22      27      42      47    1490    8124 
  4416      841      17      11      16      13       9      12       6      13      19      16      15       8      24      20      15      15      27      39      36      49    1389    8231 
  2154      847      16      14      18      22      11      26      21      22      18      25      28      30      23      26      33      52      33      41      59      79    2066    7337 
  6296      856      16      14      14      19      28      17      12      22      29      21      19      21      28      40      31      41      40      41      44      56    1846    7601 
 64683      857      17      19      16      19      23      34      21      26      32      20      36      27      30      37      45      43      37      65      66      84    2052    7251 
 53306      869      19      15      27      18      23      12      32      15      27      24      27      25      25      31      26      39      33      29      55      76    1680    7742 
 32243      872      13      17      13      22      21      15      21      28      22      28      25      24      30      27      27      48      44      47      60      73    1904    7491 
 31393      877      16      13      11      13      16      22      20      18      28      22      23      24      24      24      21      33      33      25      40      64    1823    7687 
 32755      881      20      13      13      14      12      13      22      19      25      13      29      21      30      33      24      40      43      35      44      60    1747    7730 
  1081      886      13      17      19      13      19      17      13      17      17      19      22      18      27      36      22      19      29      38      45      41    1472    8067 
 30098      888      16      10      17      18      14       9      23      15      18      27      23      17      27      27      25      24      29      34      34      48    1579    7966 
 53546      895      13      13      17      20      18      14      13      15      13      24      19      20      23      25      23      30      36      38      29      46    1531    8020 
  7054      900      20      22      16      24      26      21      23      21      24      33      39      37      35      33      37      49      54      49      57      78    1950    7352 
 22178      903      21      22      16      25      13      23      29      23      34      24      25      29      24      44      48      42      49      64      58      79    1928    7380 
 36863      908      19      20      13      20      26      25      23      22      24      24      32      33      25      42      39      31      34      52      54      57    1945    7440 
 42218      909      15      12      12      15      15      14      17      13      27      21      22      21      20      18      23      25      29      31      37      54    1508    8051 
 22111      912      13      21      16      19      20      19      11      19      30      31      19      21      26      25      33      28      27      42      37      51    1754    7738 
  7310      917      14      12      19       6      19      22      16      14      24      23      17      23      24      33      23      30      26      31      47      41    1669    7867 
 38588      918      13      23      27      20      20      17      25      31      36      38      28      29      32      34      41      40      33      59      61      68    1979    7346 
   463      937      15      21      21      21      16      22      26      32      22      26      25      23      37      42      32      34      60      54      56      69    2006    7340 
 34561      947      16      26      27      20      21      21      34      21      26      25      30      34      44      31      40      49      59      56      46      64    1836    7474 
  5876      949      24      21      19      19      21      18      23      22      29      24      29      19      33      37      36      26      34      46      54      47    1816    7603 
 21246      958      17      24      26      30      36      29      38      31      29      25      31      29      40      31      27      51      44      52      71      72    2022    7245 
 27680      965      20      16      26      21      16      21      26      16      21      16      25      31      32      24      26      40      34      52      49      65    1603    7820 
  1297      966      14      24      23      17      14      17      22      24      10      32      27      33      29      31      37      39      30      44      41      62    1907    7523 
 33555      967      18      14      22      17      23      16      22      23      21      31      24      33      29      36      24      30      35      33      39      57    1822    7631 
 42408      981      32      21      25      29      24      25      30      28      33      29      28      36      43      46      53      41      51      61      68      75    2052    7170 
 23119      982      16      14      17      15      19      27      23      25      21      32      27      28      20      25      32      35      37      38      53      51    1647    7798 
  8298      985      16      22      26      23      11      31      21      15      23      14      32      26      24      26      38      30      45      41      51      57    1878    7550 
 25932      994      20      21      21      22      20      21      30      28      27      18      34      30      26      37      45      43      44      41      51      52    1640    7729 
 38950      997      16      13      19      17      14      20      15      23      20      23      16      24      25      24      30      31      31      44      43      42    1651    7859 
 35477     1003      33      17      31      27      30      27      40      32      28      39      33      48      48      38      52      46      54      56      67      71    2145    7038 
 40964     1004      19      23      14      21      17      27      22      29      21      17      16      26      30      30      18      43      35      42      33      59    1714    7744 
 16154     1006      14      14      15      16      24      16      21      19      29      17      27      27      25      16      28      29      38      40      62      63    1736    7724 
 62489     1012      21      14      25      16      15      25      27      28      24      25      17      29      28      24      34      28      27      42      41      39    1725    7746 
 12500     1021      18      24      31      28      30      24      25      24      27      29      29      29      35      40      32      29      32      36      60      54    1742    7622 
 15214     1031      26      26      24      20      19      24      31      26      33      23      25      30      29      30      37      36      33      45      46      51    1730    7656 
 42796     1051      38      38      31      33      38      39      44      54      40      49      47      73      51      43      41      66      58      73      74      88    2395    6587 
 22871     1066      30      26      38      33      39      33      33      35      48      54      55      45      63      52      62      59      67      79      66      67    2353    6663 
 68502     1080      13      25      27      21      30      20      24      26      31      27      27      43      27      35      45      30      45      40      45      53    1925    7441 
 68551     1082      35      33      25      30      34      27      39      42      37      31      42      39      41      44      57      61      60      47      70      55    2245    6906 
 35089     1083      31      17      35      30      27      31      29      29      38      37      36      34      49      45      54      47      35      63      61      48    1908    7316 
  3996     1086      30      33      32      33      35      43      45      42      41      37      50      39      55      37      59      60      58      69      74      66    2284    6778 
 40758     1089      35      32      36      36      40      41      47      47      48      37      39      49      49      52      57      63      72      59      73      94    2395    6599 
 27367     1095      31      20      22      23      35      31      23      23      27      37      21      42      39      30      42      42      58      48      54      65    2082    7205 
 22566     1099      19      17      30      22      30      23      24      31      23      27      26      33      36      24      36      43      36      49      44      42    1774    7611 
 29330     1105      44      39      35      48      42      47      44      58      37      45      48      63      60      58      63      67      66      72      79      83    2374    6528 
 37481     1107      38      25      25      34      34      35      48      32      41      49      48      46      53      52      60      66      70      72      72      75    2386    6639 
 37598     1130      31      26      35      32      34      28      28      26      39      27      34      35      38      36      41      33      46      46      53      57    1990    7285 
 61812     1136      19      28      20      26      29      32      25      31      31      29      25      32      28      29      42      40      42      49      49      47    1962    7385 
  6494     1137      33      45      34      39      49      45      48      46      46      32      64      70      63      66      62      59      75      78      68      89    2385    6504 
  2709     1143      34      32      29      37      24      27      33      40      35      26      38      33      37      34      27      38      42      60      43      69    2094    7168 
 38109     1143      32      33      50      39      38      48      30      44      43      49      35      42      38      44      63      56      52      64      62      76    1933    7129 
 28605     1153      30      25      26      21      31      30      31      33      27      28      31      35      35      38      29      43      45      55      51      51    1777    7528 
 39602     1158      26      34      27      27      29      32      48      46      34      45      40      50      39      45      46      51      48      58      51      58    1739    7427 
 41368     1158      26      23      33      28      30      30      26      31      33      28      38      46      36      37      43      53      49      45      47      59    1744    7515 
  4770     1182      29      18      21      31      31      31      32      33      48      44      45      29      40      29      42      43      66      58      51      42    1990    7247 
 64147     1201      26      22      38      25      29      31      31      35      30      36      37      28      52      34      43      41      41      51      46      48    2052    7224 
  3467     1203      23      33      25      34      35      31      36      40      32      53      44      46      44      54      54      47      55      50      51      49    1811    7353 
 36962     1206      44      34      42      48      46      45      52      51      59      40      45      60      54      64      60      71      77      70      68      57    2378    6535 
   687     1208      33      22      26      29      25      33      31      33      37      43      49      44      38      32      43      40      49      63      46      45    2022    7217 
 26302     1208      31      47      48      44      36      44      49      50      49      49      53      57      59      49      54      54      68      72      76      73    2351    6587 
  1388     1213      47      52      41      39      43      37      52      47      51      52      61      49      64      64      59      50      64      65      76      55    2446    6486 
 27334     1215      34      30      32      30      25      32      34      30      26      46      33      30      45      33      38      39      47      38      58      52    1913    7355 
 27573     1215      59      36      40      55      34      48      50      40      45      49      53      45      60      46      41      56      49      65      58      56    1963    7052 
  3061     1216      30      34      34      39      41      37      36      44      43      28      45      44      39      36      34      38      44      54      50      47    2022    7181 
 11791     1223      40      42      24      28      47      36      33      41      44      35      45      38      47      48      37      51      49      43      58      46    1886    7282 
 14365     1234      45      42      46      23      39      55      52      40      51      45      51      49      56      61      55      63      70      62      66      75    2255    6699 
 11692     1236      37      40      31      26      36      42      31      47      54      31      54      49      30      39      42      54      60      61      49      49    2070    7068 
 26336     1241      38      38      30      35      38      38      36      35      37      27      41      35      44      39      45      41      36      47      47      44    1999    7230 
 32508     1244      42      48      29      41      35      57      41      45      45      42      43      44      42      53      65      58      52      60      49      50    2156    6903 
  1545     1254      39      42      47      49      53      48      45      59      43      52      64      66      60      68      73      62      65      71      76      60    2435    6423 
  7930     1254      40      58      58      63      50      50      51      59      57      64      52      54      63      54      64      64      66      61      66      56    2563    6287 
   810     1268      61      63      75      44      65      40      67      58      63      61      64      75      71      59      85      58      83      91      77      71    2602    6067 
136101     1291      32      38      39      47      39      27      43      40      49      42      55      44      49      50      39      37      46      46      53      53    2031    7101 
 39842     1320      40      51      42      34      38      45      43      34      57      45      55      56      50      46      61      52      56      63      58      42    1841    7191 
 20461     1325      40      40      36      41      39      38      31      33      45      44      41      45      48      39      62      52      38      51      53      37    1976    7171 
 21600     1326      48      45      47      42      60      45      55      55      62      58      42      58      70      70      77      64      56      72      69      63    2039    6803 
120485     1340      44      34      33      40      45      46      55      75      49      40      39      39      37      48      63      41      55      62      53      47    1976    7079 
 98640     1340      33      47      31      43      56      58      59      45      58      54      42      44      48      47      49      53      50      54      55      64    1933    7077 
 19687     1355      58      44      46      55      38      53      60      53      56      51      49      46      47      57      63      60      54      69      47      43    2274    6677 
 36707     1362      54      69      52      49      64      75      57      62      69      69      74      68      72      75      69      93      83      87      72      51    2372    6264 
112094     1364      38      36      35      45      47      27      49      43      37      54      47      39      47      36      50      42      66      47      41      38    1958    7178 
 10660     1372      33      45      43      41      48      39      56      35      52      43      42      49      53      52      63      59      38      58      53      35    2029    7034 
 21113     1393      47      52      57      46      39      55      59      37      50      44      63      48      55      63      64      49      75      52      63      48    2179    6755 
 53876     1405      48      42      38      52      47      41      48      52      58      38      45      39      45      52      43      50      39      44      48      39    2025    7067 
 27698     1426      45      38      50      54      55      59      53      56      42      62      61      51      53      58      65      63      61      56      53      47    2090    6828 
 53629     1434      57      50      49      45      62      43      50      43      55      59      53      56      62      65      54      58      67      61      56      42    2258    6655 
 16758     1436      52      75      78      78      69      66      89      67      82      87      74      69      71      69      80      93      71      69      74      64    2451    6072 
 27011     1436      49      44      46      59      44      59      45      58      54      49      62      48      59      38      70      44      49      53      47      40    2118    6865 
 29702     1439      56      45      47      59      59      48      46      60      48      59      56      61      57      64      58      58      53      59      43      33    2239    6692 
 31989     1446      35      34      48      46      45      50      62      36      55      54      48      38      39      37      45      38      50      41      39      42    1982    7136 
 17095     1455      71      59      51      60      62      64      76      60      66      63      71      67      63      76      47      71      65      68      54      44    2191    6551 
  1370     1467      55      63      49      63      48      57      64      51      52      58      45      49      66      59      57      58      47      54      67      31    2072    6835 
 34835     1507      74      47      67      58      61      61      58      52      55      73      74      55      69      73      54      70      65      60      57      54    2414    6349 
 16941     1544      69      47      57      62      54      70      74      66      54      53      51      56      56      72      56      60      53      48      39      38    2281    6584 
 30759     1546      59      58      69      67      53      59      72      43      63      69      74      70      67      68      83      46      55      48      48      48    2327    6454 
 40675     1547      93     107      75     105      93      74      73      76      92      74      91      80      90      87      97      88      85      75      68      46    2662    5669 
 67959     1549      61      61      59      66      76      68      60      70      67      69      50      65      57      58      70      73      61      53      45      51    2089    6671 
 24422     1553      51      46      53      48      59      71      56      60      53      72      55      55      53      61      54      47      57      48      42      41    2097    6821 
 34108     1554      68      64      57      68      70      52      67      72      56      57      70      55      78      78      60      54      58      44      41      31    2293    6507 
 38935     1566     101      90      88     104      82     106      99      86      96     105     106      95      96      90     103      97      86      78      56      45    2738    5453 
142018     1569      57      60      57      60      68      67      55      64      54      64      60      70      69      61      57      68      53      65      53      28    2309    6501 
 29744     1569      87      82      81      93      87      88      76     107      91      93      99      92      85      79      93      80      96      75      59      36    2540    5781 
 12094     1575      74      62      66      70      81      66      64      85      83      74      72      72      65      96      70      81      84      69      64      51    2543    6008 
 36640     1582      69      78      91      69      67      98      73      90      72      75      71      95      79      90      79      80      68      68      64      55    2201    6268 
123539     1585      73      61      54      68      73      64      70      73      77      82      87      73      63      74      65      67      66      48      53      45    2074    6590 
145086     1585      56      72      64      66      77      67      71      66      58      73      65      75      42      66      57      66      55      53      50      35    2334    6432 
 15842     1595      53      77      82      75      56      47      45      53      63      61      56      64      57      49      63      63      53      55      40      36    2186    6666 
 35527     1598      68      55      56      58      61      57      72      50      62      71      58      78      55      52      59      46      65      64      49      35    2213    6616 
 23325     1599      69      54      88      75      72      58      73      66      62      74      65      68      58      76      64      67      57      51      38      31    2325    6409 
 20032     1610      70      55      63      69      59      58      58      52      58      63      57      45      63      49      58      58      62      46      34      34    2134    6755 
146183     1622      66      72      82      83      81      74      48      63      74      70      73      74      64      58      62      49      58      64      39      32    2363    6351 
 30155     1630      80      75      69      63      73      77      70      81      53      75      89      79      75      68      67      61      84      75      58      34    2441    6153 
 28548     1637      68      58      61      47      58      70      59      66      61      61      57      68      61      64      69      68      63      43      57      26    2118    6697 
  1966     1644      78      63      67      81      58      67      70      68      65      70      61      64      78      73      77      77      54      66      51      48    2437    6227 
 33084     1648      72      69      67      73      83      78      73      69      64      60      81      61      85      66      74      53      53      57      54      30    2356    6322 
 10462     1664      61      76      88      71      82      82      86      81      82      69      87      87      71      81      75      56      71      61      58      27    2056    6492 
 24562     1670      74      77      82      69      66      68      83      80      78      76      74      61      57      67      68      59      53      55      52      35    2238    6428 
 40048     1671      63      75      79      70      82      85      74      90      78      84      90      75      83      72      69      81      73      59      52      39    2496    6031 
  9091     1695     105     105     120      94      92     108     104      88      96     108     104      90     106     136      93      76     103      76      72      39    2657    5428 
 36210     1731      84      62      79      81      70      74      64      83      73      63      74      80      71      73      85      72      71      67      50      29    2186    6409 
 42283     1743      71      85      62      70      72      87      71      70      86      65      93      69      63      75      63      59      53      49      49      23    2253    6412 
  6890     1758      77      72      97      78      85      81      81      93      70      99      98      78     102      87      81      55      73      53      46      36    2340    6118 
 14704     1765      73     104      83      71      81      93      97     106      87      76      78      94      89      83      66      72      55      65      36      34    2400    6057 
 29876     1799      67     100     102      86      86      84      70      82      64      69      87      90      69      67      66      79      51      70      58      44    2280    6229 
 24570     1801     111     114      94      87      82      80     100      88      86     100     102      93      87     105      96      68      65      65      40      27    2556    5754 
 19752     1816      98      86      92      95      90     115      95      98      87      86      68      98      72      83      66      83      69      68      50      27    2545    5829 
 61325     1847      97      72      89      77      89      82      70      93      84      96      67     100      73      61      74      82      76      48      57      23    2343    6147 
 64758     1850     107     108      97     103     102      85      74      97     100      99      89      90      98      71      74      83      76      70      50      29    2108    6190 
 11627     1865     115     133     136     104     132     134     135     105     114     120     112     127     110     106      91     100      87      77      72      35    2597    5258 
 37945     1867     104     127     104     125     124     126     123     105     118     114     116     103      96      99     102      95      74      72      47      41    2252    5733 
 36277     1874     121     128     116     115     130     124     130     117     106     108     112     100     100      93      90     105      75      82      55      31    2624    5338 
 16303     1877      89     103     107      96      97     106     101      91      84     108     110      81      96      84      86      60      66      58      64      39    2125    6149 
146928     1904     101     116      89     105     104      92      79     101      84      81      92      67      76      76      84      74      58      55      36      24    2392    6014 
145953     1922      86      84      83      99      71      96      81      78      87      85      82      77      66      74      77      68      55      55      51      25    2338    6182 
  9286     1926     105     114     108     118     107     103     109      96      82      90      90      95      85      76      72      94      74      55      54      27    2530    5716 
 39073     1927     139     112     141     133     151     140     120     161     132     140     134     157     130     141     108     123      93      85      66      33    2774    4787 
 24745     1960     119     107     139     134     143     140     133     123     124      97     115     112     114     106     111     108      91      80      47      35    2316    5506 
  6593     1972      87     100     100      97      97      74      82      78      88      87      78      70      84      79      75      70      59      40      45      25    2321    6164 
 17772     1979     111     128     110     113     137     104     108     109     119     109     114     102      86      89      75      67      70      50      53      30    2175    5941 
  3970     1988     106     101     118     105     108      99     102     107     103     105     101      78      84      94      74      70      66      50      50      20    2470    5789 
 24075     2010     167     170     159     137     152     162     147     150     149     143     149     125     141     121     109     111      89      83      64      29    2606    4837 
 28365     2115     182     156     166     151     137     158     148     149     145     151     124     122      99     118     105      98      91      72      52      26    2680    4870 
 23846     2116     122     162     136     140     107     130     134     129     117     122     122      98     114     102      94      93      68      65      36      29    2625    5255 
 11049     2128     144     132     112     120     133     105     122     128     138      97      93     112     105      92      65      77      68      45      39      19    2256    5798 
 13532     2189     179     163     158     169     158     150     131     143     154     144     120     146     121     122      91      90      86      69      44      15    2429    5118 
 41046     2203     162     182     159     193     180     168     152     148     146     146     129     140     129     130     116      77      96      66      49      29    2337    5066 
 28217     2260     122     147     157     138     138     124     137     141     111     102     111      91     103      92      69      69      63      47      38      23    2304    5673 
 20883     2323     154     168     148     151     144     137     140     110     118     140      95     106     103      96      92      60      65      45      34      15    2430    5449 
 18929     2399     160     159     181     162     153     148     107     152     140     131     103      93      92     104      73      66      57      42      37      19    2405    5416 
 24281     2521     201     164     190     177     162     147     156     135     135     119     111     121      86      90      76      73      59      44      33       7    2356    5358 
123836     2550     283     269     235     243     232     222     219     214     193     176     176     148     153     145     118     117      82      61      41      16    2740    3917 
 19737     2643     205     204     190     207     169     181     164     138     141     139     112     132     116      75      86      61      57      52      30      17    2399    5125 
  5322     2694     239     236     227     202     211     180     183     165     160     168     147     142     106     117      87      89      56      34      40      15    2245    4951 
 41376     3418     380     370     324     321     284     285     255     242     194     176     160     135     124      98      87      73      42      29      12       3    2408    3998 
