  9200      364       4       1       2       2       4       1       5       1       1       1       2       4       7       4       7       8       9      11      17      58    1225    8626 
 53272      420       0       0       1       3       3       1       2       5       3       4       2       7       7       5       5       6      13      10      18      67    1284    8554 
 53942      503       5       2       3       0       4       5      11       2       0       6      11       6       8       9       8      13      10      10      27      70    1385    8405 
 53389      530       4       5       4       4      10       6       3       8       8       5       5       3       7       8       9       6      17      22      31      66    1570    8199 
 16883      599       7       8       7      10       9      11       6       9       8      13       7      16      12      11      11      13      17      29      41     101    1515    8139 
 53884      631      12       6       4       6       7       6      13       4       6       4      12      10      13      12       6      16      19      23      47      72    1574    8128 
 53835      646       4       8       5       6       4       9      10       7      10      10      14      12      15       8      19      28      14      18      41      77    1711    7970 
 13219      664       7      12      10       3       9       8      12      11      10      13      15       9      19      11      19      21      21      27      38      87    1848    7790 
 22798      680       7       5      10       9      10      11       5       7      11       5      13      13      13      21      18      14      19      25      37      70    1674    8003 
 53702      682       5       5       8      12       8      12       9      12      10       7       9      10      15      15      23      19      21      28      35      68    1718    7951 
138198      685       9       9       8       5      11      13      16       7      18      10       7      16      19      17      16      26      29      40      45      81    1769    7829 
 53215      695      12      10       4      10       6       7      10      10      16       8      12      12      12      16      17      13      19      23      41      56    1593    8093 
 41558      696       8      10       8      12      17      11      10      18      16      13      15      27      18      23      21      21      35      36      60      98    1951    7572 
 53322      726      11       6      11       8      10      14      10       7      10      16      12      16      11      16      18      24      25      35      47      71    1881    7741 
 14944      742       7       8       6      16      11      11      25      18      21      15      18      12      22      15      17      28      28      30      48      67    1994    7583 
 25866      760      11      19      16      12      11      13      21      22      20      20      32      23      14      27      29      36      43      54      57      86    2078    7356 
 36988      763      10       3      15      11      13      18       8      17      14      10      12      19      25      23      16      18      23      32      38      58    1699    7918 
  4796      773       9      13      17      18      22       7      10      24      14      16      18      17      26      15      26      26      34      41      46      74    2034    7493 
 24596      774       8      14      15      14      16      16      22      12      15      21      21      25      28      25      21      38      34      36      56      82    1924    7557 
 37515      780      10      19      22      16      14      13      20      23      25       8      16      17      36      23      32      41      35      46      61     115    2113    7295 
 14258      792       6      11      21      25      17      16      12      16      26      26      14      18      27      30      27      33      29      39      53      73    1888    7593 
  3285      805      18      12       9      12      15      13      22      29      21      19      24      24      26      22      32      34      42      46      51      94    1969    7466 
  1123      812      17      13      11      11      13      19      17      18      10      24      26      17      24      24      23      30      27      40      58      83    1846    7649 
 21576      817      11       9      12      11      15      15      22      19      18      22      17      30      25      20      29      22      40      37      54      63    2097    7412 
 18770      821       7       7       8      13      15      12      19      22      14      10      15      18      28      25      27      25      22      34      47      75    1638    7919 
 39164      826      13      18      10      21      18      18      24      22      15      19      18      28      26      37      34      34      41      32      54      65    2009    7444 
  4416      841      14      15      17      15      25      19      20      25      25      29      24      23      33      23      45      40      46      48      72      82    2261    7099 
  6296      856      16      17      14      20      21      23      16      23      19      21      21      28      19      34      28      34      44      53      58      76    2117    7298 
 64683      857      16      18      15      18      14      19      21      23      19      31      22      29      19      29      33      38      39      39      50      83    1933    7492 
 32243      872      10      13      18      19      28      25      19      27      23      18      25      24      21      36      27      43      37      49      61      83    1968    7426 
  1081      886      21      13      18      19      18      21      18      22      17      30      21      27      32      22      32      29      43      50      59      88    2082    7318 
 30098      888      22      20      16      19      21      18      20      19      15      18      31      19      18      26      21      17      35      31      49      58    1902    7605 
 53587      893      21      14      25      21      11      15      18      30      27      26      30      28      33      28      35      31      38      49      51      82    2122    7265 
 36863      908      17      20      19      13      25      19      20      28      20      27      24      32      27      39      41      45      45      54      51      74    1960    7400 
 42218      909      11      21      13      25      15      20      12      18      11      11      23      22      24      23      35      29      41      42      49      63    1893    7599 
 22111      912      10      20      16      19      23      22      21      14      18      20      27      27      31      26      37      34      40      43      57      66    1836    7593 
  7310      917      18      23      25      29      24      25      18      27      22      26      25      30      30      37      31      50      55      41      78      66    2188    7132 
 52720      933      24      23      20      19      14      27      15      23      19      28      36      25      47      37      37      38      43      59      60      72    2062    7272 
  5876      949      18      16      22      23      15      19      30      29      24      26      36      43      31      32      42      47      51      54      54      93    2337    6958 
 21246      958      22      23      15      33      24      24      25      32      21      27      29      31      16      31      46      50      57      47      64      76    2263    7044 
 27680      965      29      27      33      35      28      26      26      31      31      39      47      47      35      45      40      51      47      53      67      79    2369    6815 
  1297      966      22      32      23      35      30      28      27      32      33      34      36      39      30      48      41      51      48      55      72      94    2350    6840 
 42408      981      19      20      19      32      21      22      24      34      31      40      34      42      38      28      43      46      65      73      61      80    2294    6934 
 23119      982      18      23      19      24      20      21      24      30      19      22      32      29      29      30      29      44      42      50      52      53    1987    7403 
 25932      994      20      21      20      22      17      28      20      26      22      23      23      25      32      33      29      40      48      59      57      70    1907    7458 
 35477     1003      23      34      30      38      29      29      38      32      40      36      37      34      37      50      31      61      53      55      87      87    2193    6946 
 40964     1004      16      34      25      22      29      35      40      27      23      28      32      29      38      32      40      38      48      50      74      75    2358    6907 
 16154     1006      26      20      21      28      24      30      18      26      22      35      39      29      25      39      33      42      47      57      75      91    2324    6949 
 62489     1012      20      29      19      23      25      37      36      29      30      35      27      37      30      44      39      47      54      69      72      75    2117    7106 
 12500     1021      30      24      22      22      22      31      34      31      35      27      31      32      43      39      28      45      53      52      53      75    2278    6993 
 15214     1031      20      27      21      28      19      22      26      24      35      24      27      39      42      35      41      45      45      43      60      57    2237    7083 
 42796     1051      32      33      29      33      26      25      27      30      31      39      38      45      48      56      44      49      47      53      63      73    2315    6864 
 22871     1066      22      29      28      23      32      32      21      31      35      45      34      36      35      36      44      49      55      64      80      58    1929    7282 
 68502     1080      34      35      37      36      30      36      40      43      36      41      51      41      53      58      62      48      59      76      77      81    2309    6717 
 68551     1082      22      30      17      25      24      21      37      35      34      32      32      30      28      31      40      55      39      54      53      59    2033    7269 
 35089     1083      32      29      33      37      43      32      35      43      38      38      40      43      35      44      49      69      72      75      67      79    2345    6722 
  3996     1086      21      35      28      25      28      31      22      32      26      27      19      37      32      36      38      45      47      39      45      77    2104    7206 
 40758     1089      23      21      29      32      38      35      31      32      30      34      40      44      48      47      45      38      53      57      58      62    2367    6836 
 27367     1095      24      31      28      46      44      36      36      29      42      36      52      38      60      53      62      47      65      68      56      79    2336    6732 
 29330     1105      27      27      27      23      25      33      35      35      44      40      37      32      44      44      56      51      73      57      59      78    2607    6546 
 37481     1107      27      36      26      28      31      41      37      39      36      38      56      52      52      46      49      61      65      62      72      66    2299    6781 
 37598     1130      34      29      41      43      31      41      32      35      37      43      42      55      48      50      50      51      56      62      62      61    2404    6693 
 61812     1136      34      29      31      35      31      48      32      38      42      32      31      48      49      49      54      47      47      56      58      72    2408    6729 
  6494     1137      32      32      41      40      25      23      29      24      49      36      31      35      35      29      52      37      51      59      59      52    2119    7110 
  2709     1143      28      24      29      22      32      33      35      24      26      42      41      32      43      39      39      41      49      68      48      65    2048    7192 
 38109     1143      26      24      34      19      20      26      25      30      32      38      39      35      35      39      35      46      46      54      67      63    2130    7137 
 28605     1153      29      34      31      26      37      24      36      42      37      39      39      40      58      48      45      52      45      64      61      67    2388    6758 
 39602     1158      29      25      25      33      29      31      43      28      39      35      32      39      41      50      61      51      54      51      59      57    2114    7074 
 41368     1158      33      39      34      38      48      45      37      53      49      39      45      51      61      53      57      63      74      67      82      78    2474    6480 
 13136     1169      28      33      32      41      52      31      39      42      45      35      45      38      43      44      40      58      63      55      65      84    2496    6591 
  4770     1182      40      45      50      46      54      50      53      41      47      52      43      53      42      50      73      75      83      71      77      77    2623    6255 
 64147     1201      40      36      42      31      50      51      42      33      45      49      41      49      74      48      49      60      52      64      92      62    2475    6515 
  3467     1203      39      35      29      40      42      32      48      52      42      46      51      40      60      55      54      74      59      65      85      70    2529    6453 
 36962     1206      43      34      42      36      47      43      37      35      45      44      39      56      44      48      57      52      75      65      75      63    2615    6405 
   687     1208      48      37      42      50      42      45      47      48      57      39      39      62      40      74      56      54      51      74      61      82    2598    6354 
 26302     1208      45      29      26      26      40      32      38      39      44      39      32      48      41      39      50      57      62      42      59      59    2275    6878 
  1388     1213      50      38      33      27      39      44      35      43      54      44      60      50      48      53      49      50      60      61      58      77    2488    6539 
 27334     1215      25      40      37      39      43      41      62      42      61      59      52      64      46      67      53      61      57      76      70      58    2627    6320 
 27573     1215      34      34      34      34      29      40      35      52      39      42      52      40      61      46      59      75      53      67      58      51    2557    6508 
  3061     1216      45      48      47      48      55      54      55      47      64      50      69      62      61      81      72      57      66      77      93      75    2651    6123 
 11791     1223      30      50      41      45      36      40      45      41      53      48      43      44      53      61      69      71      80      70      70      69    2771    6170 
 14365     1234      32      42      34      49      45      56      35      56      53      53      47      40      58      61      62      57      62      77      56      67    2685    6273 
 11692     1236      35      45      44      33      39      52      39      47      66      51      47      45      45      44      46      63      57      75      65      54    2774    6234 
 26336     1241      37      29      38      29      60      36      35      36      40      36      40      38      37      47      63      55      59      48      58      60    2228    6891 
 32508     1244      51      52      44      47      44      42      45      53      50      61      42      52      50      56      54      67      61      76      62      80    2325    6586 
  7930     1254      34      36      48      49      43      44      43      41      44      35      39      43      61      51      45      60      52      52      63      72    2065    6980 
   810     1268      47      36      47      44      33      45      47      55      59      54      57      62      45      59      62      58      65      68      70      59    2634    6294 
136101     1291      51      48      45      38      45      33      46      52      46      49      54      59      50      55      53      63      51      61      65      75    2464    6497 
 39842     1320      59      56      45      33      48      41      47      48      48      63      51      61      64      61      62      58      64      58      63      54    2718    6198 
 20461     1325      28      50      43      43      36      41      38      34      53      60      52      51      49      47      50      51      71      69      60      64    2166    6844 
 21600     1326      67      54      62      58      75      63      56      73      61      62      62      61      65      85      63      76      77      85      90      80    2746    5879 
120485     1340      54      56      49      50      51      45      58      56      48      51      53      63      62      69      67      68      59      72      59      58    2562    6290 
 98640     1340      45      51      52      51      55      54      48      65      63      63      53      66      64      69      56      65      83      87      65      75    2825    5945 
 19687     1355      52      57      44      44      51      52      52      63      42      69      54      52      60      63      62      53      77      50      83      63    2707    6150 
 36707     1362      54      64      46      60      65      63      69      71      77      56      67      69      59      75      79      74      86      71      84      74    2537    6100 
112094     1364      53      45      49      49      60      47      57      58      53      51      67      64      68      65      71      57      77      86      72      53    2711    6087 
 10660     1372      63      58      62      65      62      72      65      56      77      81      68      63      77      65      63      63      72      82      64      79    2575    6068 
 21113     1393      68      62      73      73      48      67      55      75      77      65      73      72      68      75      86      88      60      77      71      69    2390    6208 
 27698     1426      54      60      61      41      49      50      42      50      54      63      60      68      75      70      62      57      62      61      64      53    2470    6374 
 16758     1436      57      63      51      58      66      65      75      81      62      64      63      65      75      82      81      72      80      71      72      60    2910    5727 
 27011     1436      87      71      77      74      86      71      86      63      70      81      85      79      80      97      69      81      82     101      77      70    2862    5551 
 29702     1439      62      69      57      68      65      51      68      79      52      73      78      59      80      68      74      64      67      74      75      53    2685    5979 
 31989     1446      47      51      65      55      58      58      49      47      69      54      56      70      54      57      55      69      58      69      49      58    2448    6404 
 17095     1455      55      66      69      66      75      57      78      60      67      70      70      86      83      81      94      77      87      82      73      69    2666    5869 
  1370     1467      47      54      67      55      61      75      59      61      54      62      57      57      75      70      73      60      63      62      56      51    2297    6484 
 34835     1507      64      64      62      67      71      68      76      76      77      58      74      71      90      95      76      72      92      72      62      54    3038    5521 
 30759     1546      66      88      94      87      85      95      92      93      84      85      92      88     114      78      80      88      80      95      80      68    2868    5400 
 40675     1547      82      84      76      82      88      76      84      77      84      87      95      69     103      86      88      78      83      88      74      64    2529    5823 
 67959     1549      57      71      72      71      75      66      76      57      59      72      58      85      86      74      75      52      55      72      51      65    2547    6104 
 24422     1553      57      82      69      71      69      77      74      62      83      81      70      83      88      76      69      95      70      60      63      58    2864    5679 
 34108     1554      84      64      64      75      55      86      74      90      72      84      85      71      80      83      75      68      76      67      73      53    2872    5649 
 38935     1566      75      85      79      74      87      83      88      72      74      81      85      82      84      75      98      76      95      68      79      54    2586    5820 
142018     1569      83      77      79      94      92      62      93      86      81      85      92      90      89      86      83      97      86      73      74      55    2685    5658 
 29744     1569      78      71      66      92      78      58      95      72      79      79      64      89      86      74      65      80      87      61      66      62    3125    5373 
 12094     1575      65      64      62      60      84      57      68      50      57      75      66      74      78      55      89      72      57      81      59      54    2554    6119 
 36640     1582      72      77      63      83      73      86      80      70      78      91      76      83      69      65      77      84      76      78      72      45    2909    5593 
123539     1585      78      71      74      76      77     100      79      84      79      93      99      78      67      85     105      91      91      82      82      58    2663    5688 
145086     1585      88      67      82      82      76      79      78      64      82      67      84      81      73      73      86      69      84      79      73      71    2807    5655 
 15842     1595      72      75      65      81      88      95      78      80      92      85     103      56      86      81      91      92      97      64      71      58    2942    5448 
 35527     1598      85      89      99      81      93      82      90      77      89      92      95      81      84      89      99      93      82      97      75      48    2896    5384 
 23325     1599      81      86      81      73      73      74      83      81      85      91      89      87      85      70      84      90      74      68      63      55    2795    5632 
 20032     1610      83      75      95      76      76      91      71      81      71      89      72      90      93      84      94      67      92      68      76      48    2777    5631 
146183     1622      67      60      69      51      66      54      68      68      88      72      55      84      75      63      60      70      64      66      64      37    2531    6168 
 30155     1630      68      77      71      72      83      73      65      70      72      68      68      78      74      67      75      76      52      66      59      43    2316    6307 
 28548     1637      89      83      91      77      93      89      72      94      89      94      80      83      89      72      83      90      75      75      83      48    2847    5504 
  1966     1644      96      83      75      83      92      95      72      88      75      78      64     104      73      77     107      82      87      85      59      49    2920    5456 
 33084     1648      78      81      71      72      79      70      70      70      67      65      82      71      79      86      67      75      52      69      55      50    2546    6045 
 10462     1664      77      77      63      79      79      77      79      87      68      74      70      76      78      75      77      71      74      55      57      31    2561    6015 
 40048     1671      94      86      93      74     101      90      76      65      97      95      82      89      80      87      76      90      74      92      67      46    2855    5491 
  9091     1695      96      96      89     103      88      95      93      82      92      85      92     107      97      90      89      89      81      77      72      46    2695    5546 
 36210     1731     101      81     102     101      84      91      99      99     107      97      85      71      78      96      84      91      93      79      62      41    2755    5503 
 42283     1743      94      74      73      92      77      87      92      87     104      80      96      71      89      81      84      71      76      67      62      38    2661    5744 
  6890     1758     105      87      94      98      78      71      93      78      84      95      91      81      71      85      78      84      79      77      62      33    2441    5935 
 14704     1765      82      87      76      83      91      88     100     107     102      90     102      94      90     100      93      96      78      78      71      38    2823    5431 
 29876     1799      86     113      89     104      95     104     107      83      99     109      85     101      95      87      88      55      69      68      66      50    2821    5426 
 24570     1801     105      80      99      96      81     108     101     108     103     107      95     104      96      90      81      75      81      74      55      47    2837    5377 
 19752     1816     131     118     105     115     117     112     108     117      96     104      90      85      93      93      93     100      83      73      74      52    3142    4899 
 61325     1847     102     103     115     123     124     123     109     100     115     118     102     114      84      98     103      96      70      55      64      43    2855    5184 
 64758     1850     142      92     113     119     118     112     126     113      97     100     114     111      99     108     100     100      94      72      67      42    2689    5272 
 11627     1865     114     115     118     118     106     124     109     116     113      95     120     116     104     109     107      98      79      84      74      47    3016    4918 
 37945     1867     118     130     113     123     120     107     115      98     112      93     127     106     107      93      90      88      89      87      51      39    2973    5021 
 36277     1874     115     138     140     124     133     121     134     154     121     126     130     122     126     125     130     121      93      98      77      29    3004    4639 
 16303     1877     103     115     111     114     126     123     109     114     111     123     114     108      93     113      90     116      82      79      57      37    2872    5090 
146928     1904     103     106     112     102     122     119     102     118     112     127     111     106     102     102      93      82     109      76      83      44    3259    4710 
145953     1922     136     136     160     148     124     131     134     149     120     147     121     135     108     127      91     108      94     103      84      47    3047    4550 
  9286     1926     125     129     132     157     113     112     106     130     113     105     119      95     118      99      83      92      80      70      74      51    2916    4981 
 39073     1927     140     117     139     126     148     144     119     132     128     127     114     127     106     106      97     119      78      77      56      42    2805    4953 
 24745     1960     134     156     134     134     133     111     125     136     115     146     108     120     116     109     122      90     102      71      67      48    2820    4903 
  6593     1972     136     111     136     128     110     117     125     122     136     116     117     120      92      89     101      95      76      70      64      27    3125    4787 
 17772     1979     132     115     133     124      97     119      94     116      97      94      84      78      97     100      90      90      74      58      61      38    2714    5395 
  3970     1988     128     131     134     135     134     109     146     118     127     119     132     132     104     100     115      76      79      76      71      37    3258    4539 
 24075     2010     106     130     143     125     120     118     105     101     113     115     120      95     101      92      94      80      71      71      60      35    2546    5459 
 28365     2115     164     156     149     155     131     155     156     146     163     144     132     129     129     109     122     110      91      76      50      44    2776    4713 
 23846     2116     153     138     137     133     137     138     138     128     119      99     102      96      98     107      90      99      75      67      44      33    2639    5230 
 11049     2128     126     148     136     115     117     116     145     132     140     113     123     107     114      95      92      70      64      76      37      27    2753    5154 
 13532     2189     160     157     156     137     151     133     154     149     127     127     140     106     125     109      98      72      90      76      56      26    2931    4720 
 41046     2203     161     158     172     154     150     177     172     148     143     144     139     139     117     108     108      80      84      69      46      28    2974    4529 
 28217     2260     168     145     143     141     159     162     140     129     137     156     127     121      91      90      98      93      77      57      53      20    2609    5084 
 20883     2323     188     155     148     148     170     164     148     149     127     125     127     130     120     103      92      81      87      73      38      25    2575    5027 
 18929     2399     192     176     196     177     136     181     178     159     140     138     156     135     121     135      99      86      60      59      38      18    2708    4712 
 24281     2521     190     185     200     209     180     190     175     165     166     134     163     123     114     124      98      99      80      71      39      19    2516    4760 
123836     2550     246     225     251     233     219     205     199     169     192     171     166     143     165     152     124     102     105      51      46      14    2976    3846 
 19737     2643     238     250     202     192     190     179     180     173     158     160     136     157     109     136      89      78      75      50      40      19    2833    4356 
  5322     2694     251     242     237     217     235     220     177     174     181     180     172     160     118     122     109      95      76      64      31      20    2692    4227 
 41376     3418     370     412     371     334     296     284     258     257     223     196     182     149     145     108      97      77      51      24      15       3    2702    3446 
