 53272      420       2       2       3       3       4       1       4       1       6       4       6       7       3      15      12       9      12      13      27      68    1328    8470 
 53843      451       4       2       3       2       0       2       4       6       3       3       3      11       4       7       4      10      12      23      26      76    1445    8350 
 53942      503       6       1       6       2       0       3       6       5       3       7       9       8      12      11      12      12       8      18      19      65    1582    8205 
 53389      530       6       3       3       3       1       7       6       6      12       7      10       4       9      12      11      12      12      25      33      72    1658    8088 
 53884      631       7      10       9      12       9       9       9      12      10      13      11      19      11      22      14      14      29      43      42      94    1790    7811 
 53835      646       8       8      13       4       9       9       3       3      13      14      15      10      12      21      16      19      24      40      47      67    1728    7917 
  4127      678       7       8      10      12       7      11      18      11      13       7       5      16      14      14      21      26      32      26      40      81    1713    7908 
 22798      680       7       7      13      13      13      17      14      11      12      15      20      17      19      22      24      27      30      29      48      72    1701    7869 
 53702      682       5      12       5       7       4       9      12      14      14      14      16      12      15      11      20      22      26      20      38      69    1686    7969 
 53215      695      10      12       8      10      11      12      17       8      12      13       5      13      21      20      28      29      27      33      45      82    1790    7794 
 41558      696       6       5      10       9      19       8      13      14      13      11      10      17      17      17      28      22      24      33      28      62    1538    8096 
 26906      725       6      15       9       5      14      17      12      14      14      16      15      18      23      21      33      31      30      41      50      91    1791    7734 
 53322      726      11      12      19      14      15      11      15      11      12      14      13      21      21      21      21      25      45      37      56      88    1843    7675 
 24414      732       9       5       7      11      14       7      12       9       9      10      13       8      21      12      15      17      29      25      36      69    1580    8082 
 14944      742      17       9       8      13      15      15      13      18      25      22      16      15      22      32      27      30      30      57      56      73    1795    7692 
 25866      760      15      12      14      13      14      23      10      21      14      15      23      19      17      28      29      23      32      31      48      83    1916    7600 
 12310      761       7      11      15      10      12      14      23      20      21      17      13      21      17      19      27      25      44      52      52      66    2139    7375 
 36988      763      17      16      16      12      15       9      11      13      15      12      14      22      22      26      28      28      31      48      47      82    1870    7646 
  4796      773      16      10      18      14      14      24      14      26      22      14      19      24      18      26      30      22      45      38      62      71    2084    7389 
 24596      774      10       8       6      12      11      16      14      10      15      20      16      11      20      21      21      25      33      27      50      50    1658    7946 
 17004      781      10      18      10      13      11      11      12      21      18      19      25      17      22      29      47      34      49      38      44      93    1899    7560 
  1792      783       8       6      20      17       8      11      11      17      11      18      19      19      20      15      26      17      46      49      49      61    1692    7860 
  8722      798       6      13       8      14       8       9      16      19      12       8      23      25      15      23      19      31      30      38      35      56    1634    7958 
  3285      805       8       9       8      13      17      13      15      18      15      22      24      16      15      25      34      30      34      39      43      68    1819    7715 
  1123      812      11      13      11      15      16      17      12      17      18      20      22      16      26      23      24      26      31      29      54      60    1599    7940 
 21576      817      13      11      19      19      15      13      22       9      10      16      22      17      17      29      35      24      32      34      53      70    1917    7603 
 18770      821      18      16       9      16      20      16      24      23      16      26      27      27      28      27      29      34      38      50      67      88    2154    7247 
 39164      826      19      13      12      19      17      16      17      24      24      20      23      24      22      33      34      40      39      46      64      85    2217    7192 
  4416      841      20      12      23      16      14      20      17      15      17      28      28      34      27      35      26      34      45      54      45      86    2136    7268 
  2154      847      15      11       9      13      14      25      13      13      11      17      17      20      21      30      28      30      19      36      41      67    1642    7908 
  6296      856       9      10      19      11      12      17      13      24      13      19      20      28      21      26      17      33      27      40      45      75    1658    7863 
 64683      857      18      11      19      19      20      18      23      17      16      33      26      27      20      30      32      37      32      30      62      66    1999    7445 
 32243      872      29      19      22      17      23      17      23      23      23      33      38      20      26      38      25      27      41      46      54      61    2034    7361 
 32755      881      14      10      12       9      19      16      15      27      26      19      20      24      20      32      25      37      39      57      51      67    1846    7615 
  1081      886      18      23      17      17      16      14      20      19      25      14      15      19      22      21      33      29      25      47      40      53    1705    7808 
 30098      888      18      26      27      14      14      21      21      19      25      27      26      36      41      35      48      40      47      55      70      97    2248    7045 
 53587      893      17      18      19      12      18      15      14      15      14      18      20      29      30      21      20      32      22      41      35      67    1674    7849 
  7054      900      22      26      19      17      20      17      19      25      21      23      24      36      32      26      36      39      42      41      60      84    2221    7150 
 22178      903      15      28      18      17      23      19      18      21      21      31      35      25      43      35      36      40      55      46      70      84    2055    7265 
 36863      908      21      19      20      22      10      24      24      25      24      26      26      18      38      34      32      29      43      43      63      76    2130    7253 
 42218      909      10      23      18      18      23      18      22      26      21      24      22      28      26      28      43      39      48      49      67      65    2106    7276 
 22111      912      27      24      16      13      25      13      24      21      25      24      18      29      30      25      28      41      33      35      45      59    1732    7713 
  7310      917      12      17      21      22      20      29      14      22      14      21      27      28      34      36      37      45      38      45      50      71    2058    7339 
 38588      918      17      15      17      22      18      20      23      18      19      18      25      20      30      26      31      41      40      42      58      67    1764    7669 
 52720      933      18      15      25      22      13      21      22      25      17      21      29      24      27      26      36      33      26      49      46      62    1747    7696 
   463      937      22      18      17      21      22      20      19      28      33      19      26      20      33      28      40      47      41      43      48      60    2043    7352 
 34561      947      21      28      16      23      30      24      29      25      30      28      21      36      29      41      48      46      41      54      66      58    2253    7053 
  5876      949      20      13      23      21      30      27      26      26      29      32      34      36      40      41      24      43      54      54      68      91    2203    7065 
 21246      958      25      24      11      28      32      28       9      16      22      19      22      25      32      24      43      32      44      54      55      65    1772    7618 
 27680      965      22      27      25      28      20      30      35      31      34      31      34      33      35      42      39      45      51      45      75      87    2498    6733 
  1297      966      14      15      16      14      20      18      23      19      28      33      38      22      33      25      31      30      34      49      50      56    1826    7606 
 42408      981      20      31      21      39      36      33      28      23      31      28      28      34      29      39      49      52      63      56      65      90    2298    6907 
 23119      982      32      18      22      24      29      26      12      20      25      20      26      37      22      33      39      34      42      38      51      69    1871    7510 
  8298      985      21      29      15      26      26      42      38      29      33      30      20      37      52      46      43      52      51      56      70      64    2267    6953 
 25932      994      15      32      21      28      31      36      19      32      27      27      33      29      27      31      39      35      49      60      57      67    2177    7128 
 35477     1003      18      33      33      24      33      40      25      27      33      49      55      43      43      36      53      58      61      43      84      82    2414    6713 
 40964     1004      13      16      23      21      31      17      22      14      21      27      27      22      27      27      39      37      33      50      52      65    1848    7568 
 16154     1006      32      20      30      22      27      27      51      29      28      23      28      38      36      38      40      43      36      67      55      59    2241    7030 
 62489     1012      21      32      17      19      20      32      39      26      34      28      44      28      31      37      43      42      49      49      59      79    2173    7098 
 12500     1021      17      22      26      28      14      33      17      29      22      34      31      33      36      30      34      38      29      49      47      61    2060    7310 
 15214     1031      17      13      23      28      25      29      19      24      37      35      25      40      26      42      34      44      37      36      46      50    1944    7426 
 42796     1051      14      17      25      25      23      34      17      25      37      36      31      29      33      31      38      43      37      35      43      63    1925    7439 
 22871     1066      30      32      28      29      21      42      35      38      35      21      42      34      42      54      49      57      44      51      82      72    2432    6730 
 68502     1080      32      22      38      42      35      36      35      38      40      51      50      35      43      37      49      56      58      59      75      84    2652    6433 
 68551     1082      19      29      27      23      35      35      38      19      36      33      30      34      36      36      45      42      41      51      49      54    1918    7370 
 35089     1083      19      30      18      16      19      23      25      23      25      29      34      36      29      33      43      44      48      42      41      56    1947    7420 
  3996     1086      35      29      35      31      37      29      48      36      42      34      38      54      51      38      41      56      65      61      74      77    2649    6440 
 40758     1089      31      24      25      30      28      37      35      28      35      21      33      35      36      49      46      38      55      59      64      77    2156    7058 
 27367     1095      34      27      29      37      34      35      35      42      33      31      40      41      48      50      50      60      67      65      75      66    2724    6377 
 29330     1105      32      22      26      41      32      20      43      29      37      36      33      36      41      34      50      42      60      57      43      77    2266    6943 
 37481     1107      38      34      33      40      39      34      35      35      45      37      60      49      56      53      44      74      40      63      76      87    2294    6734 
 37598     1130      25      22      35      28      29      35      27      35      35      35      42      35      38      43      49      44      45      44      62      55    2034    7203 
 61812     1136      28      24      22      37      37      33      24      38      39      36      34      41      45      40      58      47      47      69      49      81    2250    6921 
  6494     1137      19      29      33      34      22      36      41      36      38      39      34      30      41      41      35      44      39      46      56      58    2076    7173 
  2709     1143      24      30      32      28      42      47      37      39      41      42      50      60      31      59      66      59      80      80      77      71    2428    6577 
 38109     1143      30      25      25      29      27      25      23      35      42      39      40      43      43      44      53      33      53      49      58      60    2059    7165 
 28605     1153      37      41      38      39      39      50      48      49      33      44      44      57      53      60      57      69      56      65      68      76    2339    6638 
 41368     1158      22      21      38      38      25      41      32      29      33      38      54      31      42      39      41      46      50      48      64      57    1976    7235 
  4770     1182      40      37      28      44      35      38      39      40      42      47      36      46      56      64      49      58      40      50      57      62    2328    6764 
 64147     1201      49      25      39      47      41      47      46      44      43      57      48      46      71      49      67      54      75      64      76      65    2396    6551 
  3467     1203      45      47      48      48      38      53      48      41      55      63      49      51      47      62      54      65      73      73      70      75    2476    6419 
 36962     1206      32      45      39      28      42      36      39      40      41      34      38      47      39      45      43      54      55      55      65      54    2117    7012 
   687     1208      40      44      53      38      53      43      49      57      48      52      54      52      51      58      56      71      57      63      56      72    2588    6345 
 26302     1208      33      43      44      50      58      50      50      40      44      61      37      53      54      58      55      69      53      69      79      72    2758    6170 
  1388     1213      39      43      56      44      43      49      58      59      65      53      62      52      47      60      68      87      64      52      66      84    2546    6303 
 27334     1215      25      35      37      41      32      49      47      44      39      42      44      46      58      52      57      46      53      64      58      58    2202    6871 
 27573     1215      38      45      38      28      48      42      72      40      53      42      53      45      54      59      44      56      72      55      65      75    2469    6507 
  3061     1216      46      38      50      42      52      40      35      42      42      46      41      57      49      63      51      65      57      78      72      53    2396    6585 
 11791     1223      33      27      40      35      45      35      30      37      45      46      35      43      44      46      42      58      45      49      54      46    2120    7045 
 14365     1234      43      32      34      34      42      43      47      55      47      51      44      50      46      58      62      62      64      60      52      52    2199    6823 
 11692     1236      36      30      38      43      39      39      28      40      51      47      36      44      34      48      49      49      50      59      61      45    2173    6961 
 26336     1241      41      40      46      53      63      49      48      48      65      63      53      53      65      59      60      72      74      66      71      62    2901    5948 
 32508     1244      44      41      40      52      57      46      38      50      68      53      52      65      47      82      61      68      74      72      50      78    2917    5945 
  7930     1254      41      37      27      33      45      41      34      43      51      38      46      45      41      52      45      55      62      55      70      53    2128    6958 
   810     1268      48      62      47      58      52      59      65      60      50      61      61      72      73      73      74      71      76      87      85      82    2779    5905 
136101     1291      52      44      59      39      46      52      55      55      53      65      53      66      74      49      52      70      49      76      89      72    2679    6151 
 39842     1320      46      54      38      44      50      53      53      67      56      56      54      54      59      74      53      41      71      61      66      50    2554    6346 
 20461     1325      46      47      56      55      39      51      52      55      60      55      54      55      48      59      56      65      62      68      85      50    2361    6521 
 21600     1326      67      44      54      52      50      63      59      62      42      67      69      69      70      64      72      78      76      78      55      79    2525    6205 
 35865     1337      40      59      55      55      58      46      57      54      54      61      46      62      66      74      68      63      65      70      66      63    2592    6226 
120485     1340      38      45      44      41      49      46      40      55      55      51      56      58      51      67      52      58      51      57      58      50    2252    6726 
 98640     1340      49      54      52      65      67      62      63      66      60      53      81      68      69      76      66      90      98      72      93      73    2803    5820 
 19687     1355      50      33      43      45      33      43      46      42      55      42      46      48      52      63      47      51      62      51      62      55    2190    6841 
 36707     1362      57      76      71      48      54      58      64      66      73      70      69      74      64      70      63      66      73      58      75      62    3022    5667 
112094     1364      46      44      56      46      63      40      51      61      52      39      50      56      61      64      63      66      60      59      57      43    2209    6714 
 10660     1372      37      45      42      51      60      55      49      59      48      51      50      53      68      70      58      60      66      62      74      60    2552    6330 
 21113     1393      63      55      55      55      49      49      66      66      55      77      49      78      63      64      62      71      67      63      60      56    2367    6410 
 27698     1426      39      43      45      42      60      55      61      43      69      51      61      56      49      61      56      67      56      58      67      48    2266    6647 
 16758     1436      54      56      52      51      55      51      58      55      55      58      59      61      58      54      54      62      55      69      62      61    2303    6557 
 27011     1436      66      57      54      45      48      47      53      58      47      62      58      53      65      62      59      44      79      65      57      53    2301    6567 
 29702     1439      68      84      86      74      78      82      72      77      86      78      98      96      75      78     108      94      94      91      80      59    2782    5560 
 31989     1446      65      70      68      56      54      74      69      63      64      75      72      88      85      65      75      81      75      70      87      56    2765    5823 
 17095     1455      62      58      67      59      50      72      48      66      65      70      71      63      69      76      65      66      49      71      72      59    2660    6062 
  1370     1467      48      46      50      51      55      50      49      58      63      64      57      59      68      64      74      72      52      78      51      51    2331    6509 
 34835     1507      71      63      70      52      75      70      76      85      69      84      71      80      83      50      86      59      84      76      73      58    2679    5886 
 16941     1544      91      73      67      74      81      84      94      83      96      86      77      77      81      94      97      74      88      96      79      69    2638    5701 
 30759     1546      76      80      88      93      82      67      92      91      89      78      84      87      88      81      90      81      79      79      70      54    2746    5625 
 40675     1547      80      79      75      72      83      75      83      79      63      92      82      80     109      81      76      81      86      86      71      61    2675    5731 
 67959     1549      76      72      60      69      68      67      69      56      70      62      70      70      73      71      71      73      70      74      66      45    2608    6040 
 24422     1553      70      70      65      55      63      62      56      74      63      61      81      73      50      86      59      74      76      55      54      30    2398    6325 
 34108     1554      60      68      82      87      82      98      82      81      69     106     102      86     104      83      78     101      87      93      70      58    2643    5680 
 38935     1566      83      77      80      99      86      71      95      81      85     101      82      91      86      91      93      83      79      71      76      48    2661    5681 
 29744     1569      97      83      91      86      72      86      82      82      86      78      94      86      82      72     104      99      87      72      71      48    2784    5558 
 12094     1575      64      64      73      66      67      66      62      61      70      71      78      60      68      55      81      62      59      70      57      54    2372    6320 
 36640     1582      73      89      72      84      73      71      78     103      86      93      88      95      84      78      96      76      70      82      63      46    2876    5524 
123539     1585      64      86      92      92      92      98      90      77      80      90      85      72      82      76      79      78      88      71      72      58    3092    5286 
145086     1585      89      78      72      78     100      84      91      79      95      77      86      93      86      99      95      82     110      94      54      56    2736    5566 
 35527     1598      76      68      70      70      67      89      91      87      83      83      73      82      95      79      91      79      80      53      62      49    2788    5685 
 23325     1599      81      71      64      74      55      79      85      83      69      96      82      66      86      63      72      70      82      78      55      43    2526    6020 
 20032     1610      69      75      64      67      72      65      66      76      83      69      82      70      57      71      86      69      63      68      55      52    2367    6254 
146183     1622      98     105     106     104     104      99      89      87     105      84      93     118     101     111     104     105      87      81      78      61    2832    5248 
 30155     1630      77      89      92      87      70      87      93      87      88      71      75      87      80      74      83      92      92      68      51      60    2696    5701 
 28548     1637      78      81      82      82      85      76      71      69      91      84      76      77      85      67      83      69      62      66      62      32    2353    6169 
  1966     1644     104      81      96      89     102      73      89      93      90      97      91      93     105     103      95      98      80      88      72      49    2689    5523 
 33084     1648      71      84      88      67      73      69      66      71      68      74      83      78      79      77      80      65      61      62      63      46    2428    6147 
 10462     1664      82      79      66      71      68      75      75      65      81      69      96      79      77      72      61      79      65      57      51      33    2464    6135 
 40048     1671      54      65      81      70      60      84      63      84      75      69      70      82      65      62      68      69      64      67      58      38    2396    6256 
  9091     1695      69      80      98      81      81      88      69      76      83      91      82      64      73      81      77      55      72      58      58      35    2366    6163 
 36210     1731      93      86      82      80      98      92      96      81      88      81      82      82      79      79      70      83      73      70      63      36    2500    5906 
 42283     1743     118     105      87     122     122     129     125     112     111     112     115     104     115      92     100     101      91      80      79      48    3007    4925 
  6890     1758      92      86      92      86      77      87      91      96      93      89      88      88      59      86      66      78      60      80      50      30    2424    6002 
 14704     1765      88      96      88     109      82      89      90      78      88      88      66      63      67      66      54      80      64      61      48      37    2372    6126 
 29876     1799     110     109     128     105     115     123     134     120     111     115     113     123      88     104      95      91      88      84      60      56    2850    5078 
 24570     1801     119     135     122     119     114      96      99     120     127     136     125     107     113     134     109      91      87     103      67      40    2967    4870 
 19752     1816     117     129     124     107     106     122     119     119     105     130     117     115     102      95      98     113      89      90      55      45    2763    5140 
 61325     1847      92      80      91     103      81      96      89      93     104      86      95      90      84      70      81      88      74      60      56      43    2480    5864 
 64758     1850     122     120     102     108      98      98     108     107      94      82      90      94      89      90      81      93      90      70      64      33    2598    5569 
 11627     1865     108     103     116     117     124     107     117     123     128     115     109     109     107      97      99      90      91      78      78      37    2944    5003 
 37945     1867     139     125     124     141     127     130     133     105     120     142     122     133     121     101     126      94     108      72      75      42    3073    4647 
 36277     1874     146     124     128     127     124     131     127     119     124     107     113     132      87     104     100     100      83      85      80      45    2824    4990 
 16303     1877     121     113     133     129     131     113     102     118      98     109     114     120      91     104     105     115      84      93      58      50    3026    4873 
146928     1904      99     107      91     109     110      99     115      95     103     108      97      81      89      98      78      74      73      54      56      31    2505    5728 
145953     1922     106     130     127     119     105     118     116     125     107     100     112      99     116      90      92      80      82      66      65      34    2655    5356 
  9286     1926     145     130     125     129     146     113     126     144     135     114     113     125     125      80      88      74      93      97      72      38    2800    4988 
 39073     1927     129      94     122     100     106     101      80      78     123      95      91      93      84      80      89      66      72      61      46      25    2502    5763 
 24745     1960     108     123      94     111     101      87     106     107     112      96      88      90     108      96      66      74      68      68      52      15    2485    5745 
  6593     1972     149     113     116     113     114     115     111      91     108     101     112     104      79      88      82      78      80      62      52      26    2552    5554 
 17772     1979     130     113     118      97     104     110     122     118     112      94     111      97      94      80      80      85      70      64      50      25    2550    5576 
  3970     1988     130     119     119     112     113     105     116     100     112     119      94      83      93      83      83      85      82      71      40      29    2445    5667 
 24075     2010     133     121     125     147     123     135     104     125     120     114      96     127     106     123     104      89      86      64      53      32    2611    5262 
 28365     2115     129     137     145     140     124     125     135     115     129     102     115      91     106     108     100      73      69      57      55      25    2528    5392 
 23846     2116     179     151     143     170     164     151     145     130     131     161     156     124     129     129      90      85      94      95      53      33    3346    4141 
 11049     2128     136     153     140     117     125     116     124     134     101     105     106     107     129     102      92      78      65      52      39      36    2613    5330 
 13532     2189     158     157     171     156     169     159     180     139     150     140     131     141     128      99      87     107      81      71      45      27    2878    4626 
 41046     2203     159     151     126     143     113     117     121     133     112      98     122     114     100      97      76      83      75      68      46      22    2501    5423 
 28217     2260     153     153     177     154     131     142     146     134     134     115     103      92     131     130      96      82      84      60      46      17    2472    5248 
 20883     2323     165     185     146     161     162     169     151     153     122     135     123     119     122     117      89      70      74      52      35      30    2606    5014 
 18929     2399     188     181     180     198     196     155     164     156     149     158     134     139     131     115     109      84      70      52      52      21    2742    4626 
 24281     2521     172     182     168     206     186     186     155     161     143     131     142     138     129     101     106      71      76      49      42      24    2587    4845 
123836     2550     174     199     207     189     209     170     166     173     144     139     139     138     121      84      95      81      66      48      41      13    2526    4878 
 19737     2643     268     236     218     225     235     209     209     187     157     160     146     131     119     125      95      94      67      54      51      19    2831    4164 
  5322     2694     234     259     235     216     199     209     183     198     170     182     149     135     128     129     109      73      71      73      28      14    2592    4414 
 41376     3418     404     447     386     345     337     297     277     287     230     216     212     150     152     118     111      97      69      38      19       8    2691    3109 
