 53272      420       2       4       4       2       3       2       2       8       5       4       4       9       5       6      12       5      14      19      23      81    1367    8419 
 53843      451       0       7       3       3       5       4       3       1       2       5       3       4       5       7       3      10       5      19      29      55    1285    8542 
 53942      503       0       2       2       3       5       6       6       3       6       2      11      11       6      11      14      17      13      16      32      67    1537    8230 
 53389      530       2       2       2       4       4       4       3       6       8       9       1       6       3       9       6      10      20      15      22      57    1342    8465 
 53884      631       4       7       6       5       2      10      11       5       8       6      11      12      23      19      13      23      28      31      54      72    1658    7992 
 53835      646       5       4       5      10       8       7      12      13       5      10      11      13       9      18      21      30      28      32      39      69    1704    7947 
  4127      678      10       4       9      12      13      18      10      10      11      12      16      20      22      27      15      17      31      36      41      92    1820    7754 
 22798      680       7      11       8       5       5      11       5       9      13       8      10      13      12      18      19      28      24      21      33      65    1768    7907 
 53702      682       9       9       8      10      12      20      10      17      16      12      13      13      19      10      26      34      31      39      61      91    1983    7557 
 53215      695       5       7      12      11       7       9      11      12      12      13      16      21      21      16      18      24      20      24      39      62    1661    7979 
 26906      725       5       5       7       9      11      10      10      12      10      11      17      14      13      15      31      18      29      26      35      70    1897    7745 
 53322      726       8       3      10       7       9      11       5       8       7      13      10      14      13      20      15      31      28      25      50      60    1598    8055 
 42598      737      12      15      12      12      20      17      16      14      24      16      20      23      25      18      31      27      31      47      48      81    2121    7370 
 25866      760      10      10      12      11      15      13      12       9      21      12      12      18      18      20      21      21      20      32      46      72    1868    7727 
 12310      761      13       7      16      10      14      13      13      12      14      16      11      21      15      19      20      26      25      25      46      52    1724    7888 
 36988      763      18      13      14      18      17      15      15      18      28      19      19      19      33      35      25      33      33      47      73      93    2068    7347 
  4796      773      18      19      11      14      25      31      14      19      16      15      20      15      21      25      43      19      39      38      53      91    2136    7318 
 24596      774       9       8      17       7      12      10      14       6      14      11      18      14      12      20      30      26      35      31      38      66    1931    7671 
 17004      781      11       8      18      17      11      15      11      18      22      21      29      17      24      20      34      31      40      41      50      87    2054    7421 
  1792      783      13      15      14      14       4      17      14      17      13      21      16      14      12      28      20      20      30      26      41      46    1860    7745 
  8722      798      13      11      26      21      16      14      11      20      14      21      22      20      29      27      19      32      51      44      70      74    2136    7309 
  3285      805      13      11      10      11      12      12      17      17      16      14      25      22      17      26      24      31      33      42      31      72    1830    7714 
139311      809      20      11       6      11       9      13       8      15      17      10      18      20      22      25      33      35      26      40      44      76    2003    7538 
 21576      817      15      23      17      23      13      18      19      24      18      28      28      23      29      39      39      30      43      46      60      85    2153    7227 
 18770      821      15      14      15      14      20      14      12      16      25      28      29      44      26      15      29      50      33      50      75      92    2071    7313 
 39164      826      18      10      20      22      20      15      18      18      19      22      19      27      32      35      40      34      49      60      69     102    2209    7142 
  4416      841      22      16      17      13      14      22      18      16      17      31      25      24      26      42      35      31      51      53      54      95    2272    7106 
  2154      847      14      28      14      13      26      25      31      15      30      38      34      20      29      28      35      38      51      71      66      97    2154    7143 
  6296      856      18      23      27      14      18      12      24      26      23      33      32      25      36      31      23      36      33      50      72      94    2167    7183 
 32243      872      15      24      14      25      18      22      21      23      28      27      27      39      36      39      32      43      47      70      62      96    2313    6979 
 32755      881      24      23      21      17      23      22      13      20      41      29      30      30      34      25      38      55      33      42      75      86    2293    7026 
  1081      886      19      23      18       9      29      21      23      25      27      21      29      17      26      32      27      30      42      47      64      82    2123    7266 
 30098      888      12      18      19      16      16      20      15      22      18      26      19      32      12      38      28      31      38      47      45      46    1911    7571 
 53587      893      11      25      16      18      23      35      29      22      27      41      25      21      30      32      38      50      51      59      66     106    2322    6953 
  7054      900      25      16      20      23      26      24      31      27      27      32      33      39      31      51      49      41      58      74      63      97    2327    6886 
 22178      903      28      30      22      19      23      25      31      27      31      24      22      45      27      41      43      33      51      53      66      88    2350    6921 
 36863      908      14      10      17      22      18      23      19      13      17      18      29      34      33      34      28      32      38      41      57      69    2112    7322 
 42218      909      18      15      19      26      27      25      28      19      24      29      40      41      36      38      36      40      56      58      72      91    2289    6973 
 22111      912      25      16      26      16      19      24      22      26      23      15      24      21      40      20      28      34      41      49      46      83    2163    7239 
  7310      917      13      12      16      16      20      16      27      23      19      28      26      24      29      36      35      41      30      49      56      71    2014    7399 
 52720      933      29      23      30      18      26      34      32      38      28      30      28      34      30      40      41      47      71      76      70     114    2412    6749 
 34561      947      22      22      20      19      18      19      21      13      18      39      28      29      25      34      42      30      38      38      63      71    2219    7172 
  5876      949      18      15      19      24      19      19      21      23      20      26      34      26      30      40      39      30      44      49      46      58    2009    7391 
 21246      958      20      28      25      20      20      40      39      26      24      29      32      40      44      37      37      58      50      74      57     118    2315    6867 
  1297      966      16      23      16      21      23      18      21      21      24      38      25      26      34      35      35      48      41      56      60      75    2140    7204 
 42408      981      21      21      24      22      32      26      16      30      23      28      24      25      35      52      41      40      62      55      61      73    2137    7152 
 23119      982      33      33      23      26      35      37      31      34      37      34      42      30      37      41      43      56      53      62      72      75    2459    6707 
 25932      994      15      18      21      22      26      23      28      25      27      35      37      35      33      36      32      38      54      50      60      80    2168    7137 
 35477     1003      26      19      25      25      18      20      37      34      19      34      34      35      33      34      41      53      41      39      58      73    2223    7079 
 40964     1004      18      27      22      27      28      31      22      28      23      29      25      31      32      32      32      44      35      41      42      68    2040    7323 
 16154     1006      31      22      24      34      26      35      32      32      47      24      28      38      49      40      56      47      43      59      61      92    2312    6868 
 62489     1012      21      33      24      34      33      36      34      35      37      39      43      45      45      49      48      47      65      65      67     101    2466    6633 
 12500     1021      26      27      20      27      30      25      18      30      34      31      30      23      38      32      33      47      45      53      69      64    2419    6879 
 15214     1031      25      37      27      33      28      28      35      41      28      26      39      37      50      45      34      46      41      66      79      71    2315    6869 
 42796     1051      39      40      42      29      35      32      47      36      34      47      36      51      40      58      56      55      62      61      80      83    2646    6391 
 22871     1066      40      37      30      32      32      43      38      44      40      53      60      46      37      55      62      53      63      79      80      97    2520    6459 
 68502     1080      39      37      34      34      35      37      44      39      35      46      40      49      44      43      57      55      77      63      72     101    2594    6425 
 68551     1082      20      29      31      30      28      37      41      48      28      32      29      40      37      49      48      42      54      57      73      69    2325    6853 
  3996     1086      25      43      42      25      44      42      44      42      48      44      58      45      47      54      52      68      54      70      86      89    2456    6522 
 40758     1089      18      37      30      29      32      33      33      46      48      38      45      52      43      47      45      56      64      69      73      86    2365    6711 
 37598     1130      31      26      37      36      37      52      49      42      56      57      47      62      49      52      48      48      72      95      80      77    2680    6267 
 61812     1136      39      35      32      45      33      39      49      35      37      32      38      35      47      58      50      61      50      60      62      69    2332    6762 
  6494     1137      41      44      39      38      43      45      47      56      47      51      45      45      62      48      68      76      85      67      75      92    2467    6419 
  2709     1143      54      44      39      39      38      43      50      47      45      59      55      55      45      45      65      76      72      77      89      80    2620    6263 
 38109     1143      38      43      35      32      37      43      41      43      42      37      44      50      50      52      55      65      65      63      77      82    2709    6297 
 28605     1153      39      44      50      47      49      63      57      49      54      59      43      60      60      61      62      61      73      78      78      88    2456    6369 
 41368     1158      32      34      41      47      37      59      48      46      51      62      54      55      68      54      59      63      83      68      81      71    2628    6259 
  4770     1182      44      42      41      41      33      34      63      39      40      45      48      57      61      63      55      62      70      83      93      76    2665    6245 
  3467     1203      47      37      48      53      46      37      52      51      56      48      57      67      56      50      86      56      76      85      74      83    2682    6153 
 36962     1206      55      70      50      48      38      69      40      54      55      49      65      50      63      66      54      69      83      78      96      81    2622    6145 
   687     1208      32      42      38      39      38      38      41      46      51      43      44      51      36      62      51      66      51      54      63      51    2520    6543 
 26302     1208      27      34      43      37      24      42      47      44      52      45      39      50      48      43      47      47      52      55      61      61    2263    6839 
  1388     1213      30      41      43      45      46      53      46      57      57      60      50      59      55      46      63      64      61      71      78      71    2464    6440 
 27334     1215      32      37      28      43      38      43      38      52      51      48      63      39      50      43      44      58      55      63      69      71    2583    6452 
 27573     1215      31      28      40      39      38      28      32      35      31      40      49      44      44      44      54      56      49      55      48      67    2472    6676 
  3061     1216      35      59      39      50      57      52      54      55      51      50      57      72      57      72      67      63      67      76      95      86    2504    6282 
 11791     1223      42      35      24      61      43      35      42      45      40      40      42      49      47      52      45      62      72      62      69      47    2473    6573 
 14365     1234      32      34      39      34      42      43      50      46      51      44      49      54      54      47      49      65      59      58      54      63    2659    6374 
 11692     1236      36      39      33      23      44      41      42      45      42      42      37      44      49      39      48      49      51      68      45      57    2164    6962 
 26336     1241      30      22      29      36      48      58      37      45      47      42      36      48      35      56      50      59      68      65      51      59    2205    6874 
 32508     1244      46      45      38      55      51      53      48      49      56      58      40      51      63      58      63      72      82      59      69      66    2624    6254 
  1545     1254      44      39      44      45      38      46      35      43      44      56      42      58      55      61      53      66      60      66      62      59    2537    6447 
  7930     1254      46      40      46      57      59      45      56      45      41      52      59      61      56      58      48      68      75      74      84      83    2611    6236 
   810     1268      57      56      49      56      49      56      60      50      39      63      57      48      55      59      68      56      69      69      79      71    2604    6230 
136101     1291      51      41      55      52      40      57      60      53      44      64      50      60      79      52      69      61      79      71      95      59    2747    6061 
 39842     1320      46      38      48      42      66      58      52      45      58      55      61      63      65      51      73      57      68      68      71      67    2587    6261 
 20461     1325      48      41      40      51      52      48      54      49      45      50      69      44      51      46      55      60      54      46      57      55    2527    6458 
 21600     1326      43      47      46      56      43      53      39      48      52      51      70      50      51      60      56      65      67      80      72      59    2649    6243 
 35865     1337      46      33      56      39      45      45      51      57      48      52      52      70      48      70      55      63      60      67      67      60    2658    6258 
120485     1340      66      59      54      53      59      56      62      63      51      68      68      78      49      70      74      72      91      66      74      69    2659    6039 
 98640     1340      63      78      67      66      64      72      70      77      75      51      66      83      71      72      76      87      77      91      88      71    2856    5679 
 19687     1355      68      72      59      67      51      43      59      54      62      66      76      73      78      66      71      61      63      78      69      70    2665    6029 
 36707     1362      48      50      49      41      58      45      48      42      66      54      46      45      50      57      73      47      64      58      52      55    2324    6628 
112094     1364      51      87      70      64      65      69      64      61      74      71      76      67      75      83      83      69     103      86      95      70    2698    5819 
 10660     1372      50      64      53      65      42      65      54      55      56      47      62      53      68      63      66      57      71      73      71      64    2794    6007 
 21113     1393      51      50      44      55      35      55      64      48      61      65      57      60      69      58      62      63      50      56      55      45    2326    6571 
 27698     1426      74      80      63      67      72      75      74      86      77      80      82      70      83      67     101      81      88     106      86      74    2752    5662 
 16758     1436      58      49      64      49      67      68      65      60      66      61      72      63      69      85      71      69      80      60      51      61    2816    5896 
 27011     1436      61      53      73      66      63      74      88      79      91      95      74      68      89      70      83      77      78      80      69      69    2973    5527 
 29702     1439      52      57      74      60      83      46      70      63      72      83      72      76      79      75      71      84      88      73      73      56    2998    5595 
 31989     1446      59      47      59      53      46      58      61      40      59      43      60      60      66      48      58      70      59      66      66      52    2633    6237 
 17095     1455      70      69      87      87      96      72      92      83      70      76      86      82      93      99      95     106      91      99      97      56    2854    5440 
  1370     1467      55      56      62      74      66      58      53      57      65      59      61      62      63      68      74      70      72      80      61      43    2406    6335 
 34835     1507      54      54      66      47      74      51      67      63      72      72      46      61      69      85      55      66      60      60      58      52    2432    6336 
 16941     1544      78      65      77      62      68      78      65      61      57      71      71      76      76      69      75      62      77      72      66      44    2860    5770 
 40675     1547      64      72      72      94      60      85      62      78      73      80      59      91      81     104      77      82      53      80      79      64    2728    5762 
 67959     1549      64      74      58      73      71      77      76      75      81      71      70      81      79      78      77      79      62      76      60      56    2768    5794 
 24422     1553      89      85      67      81      96      83      89      95      89      90      75      86      92      83      92      97      90      93      92      66    3028    5242 
 34108     1554      68      77      82      66      70      87      84      77      75      81      70      86      82      91     103      87      83      80      69      49    2728    5705 
 38935     1566      65      61      63      83      60      65      83      68      65      73      57      79      74      73      78      74      52      55      65      41    2747    5919 
 29744     1569      64      73      58      76      80      70      59      81      61      83      85      78      87      77      69      65      63      81      68      47    2723    5852 
 36640     1582      79      82      84      64      76      76      72      77      69      60      74      79      83      74      64      69      69      94      54      39    2905    5657 
123539     1585      95      79      99      88      91      88      80      84      70     104      89      81      92      74      86      83      76      78      79      57    2862    5465 
145086     1585      83      65      70      83      91      65      78      76      84      65      93      79      62      95      79      82      72      64      76      49    2710    5779 
 15842     1595      80      67      74      90      76      89      86      71      64      71      74      89      91      88      82      86      78      57      68      48    2696    5775 
 35527     1598      75      87      91      74      91      69      70      74      73      83      75      74      85      60      84      74      66      64      56      44    2611    5920 
 23325     1599      59      65      70      65      74      64      67      63      71      90      69      77      71      75      64      60      68      82      65      42    2706    5933 
 20032     1610      73      64      77      80      72      70      53      74      64      82      80      84      71      74      79      59      64      64      62      42    2446    6166 
146183     1622      77      64      72      62      73      64      68      66      72      82      83      72      86      73      81      84      62      55      69      37    2680    5918 
 30155     1630      87      64      64      81      67      69      79      79      83     101      87      71      69      62      72      81      89      85      82      41    2836    5651 
 28548     1637      77      70      63      88      80      73      86      56      69      63      66      75      82      65      85      71      69      61      71      48    2783    5799 
  1966     1644      94      97     102      95      98      96     112      90      96     105     111      87     104     110     109     106      88      81      82      61    2878    5198 
 33084     1648      70      58      72      81      70      78      93      81      74      87      67      85      64      96      71      80      59      75      44      44    2481    6070 
 40048     1671      77      90      93      77      85      78      81      96      97      75      81      79      76      85      66      97      68      76      55      51    2925    5492 
  9091     1695      99      97     118      98     105     103     103     110      99     102     104     103      91     101     107     100     110      93      88      63    3125    4881 
 10819     1712      87      89     101      93      89      87      94      92      92      78      97      82     104      93      88      76      77      73      67      40    2999    5302 
 36210     1731      86     121     132     113     103     100     103     127     113     115     105      83     106     112      98     100      83      88      86      52    2913    5061 
 42283     1743     115      90      90      80     106     103      96      90      68      91      91      84      83      85      75      63      94      77      55      43    3095    5226 
  6890     1758      95      84      86      85     111      71      94     100      85      80      81      87      98     111      81      96      75      50      63      32    2778    5557 
 29876     1799     102      96      80      95      87      92      88      88      87      86     102      98      86      98      95      71      84      53      57      44    2736    5575 
 24570     1801      84      84     117     106      98     105     119      92      92      97     103     109      88      89     101      89      64      65      71      50    2997    5180 
 19752     1816      89      93     108      95      97     102      97      95     120      92      98     104     106      89      90      84      81      88      53      43    2671    5505 
 61325     1847     155     127     143     118     123     116     129     148     126     114     141     117     130     131     122     115     111     100      70      44    2986    4634 
 64758     1850     113     121     118     117     124     122     110     131     129     103     117     133     124      98     106     102     102      80      78      58    2953    4861 
 11627     1865     109     115      89     119      85     108      91      96      99     123     108      87      90      89      85     103      75      66      51      42    2708    5462 
 37945     1867     105     112      96     107     104      93      98      90      82     103      89      92      89      87      93      71      74      71      49      28    2883    5384 
 36277     1874     111     151     139     131     122     127     148     131     117     124     109     115     123     118     105     112      90      99      71      55    3084    4618 
 16303     1877     107     128     129     109     145     117     126     116     132     120     123     116     105     105     105      99      79      79      77      46    3022    4815 
146928     1904     125     122     132     116     115     117     128      99     148     124     124     104      92     112      91      89      90      85      45      45    2904    4993 
145953     1922     152     132     124     136     139     130     113     132     120     136     127     141      90     105     132      97      77      77      51      46    3060    4683 
  9286     1926     147     130     147     152     134     149     114     134     129     131     126     125     149     133     148     117      96      92      85      58    3042    4462 
 39073     1927     109     110     121     138     118     119     139     115     126     118     109     102     101     112     111      94      90      79      54      26    2842    5067 
 24745     1960     114     122     111     127     108     106     100     132     118      93     113     103      96     109      84      78      90      65      56      31    2603    5441 
  6593     1972     119      93     116     123     106     106      98     122     117      95      98     106     110      76      77      88      72      64      51      35    3020    5108 
 17772     1979     115     125     134     117     121     111     107     123     105     124     118     109     108      87      98     102      78      69      64      29    2753    5203 
  3970     1988     147     122     113     118     113     116     105     136     117     106     107      96     111     107     101      82      82      70      55      31    2818    5147 
 24075     2010     153     112     113     131     127     134     136     130     121     101     112     116      90     110      94     101      80      73      57      50    3057    4802 
 28365     2115     188     171     155     191     170     156     154     139     161     144     137     137     123     117     112     117     105      82      65      31    3189    4156 
 11049     2128     147     142     153     111     139     127     133     113     140     119     110     138      90     105      94      80      80      49      53      33    3080    4764 
 36822     2169     191     204     196     175     179     155     153     174     173     156     164     145     147     121     122     112     112      88      58      32    2938    4205 
 13532     2189     141     137     138     130     147     152     124     141     118     114     124     103     115     101     102      98      80      53      41      35    2991    4815 
 41046     2203     183     181     204     208     197     171     174     149     162     157     166     152     132     127     120     121      91      97      58      39    3067    4044 
 28217     2260     148     139     148     144     135     145     140     139     143     109     127     116     123     116      93      67      99      51      56      34    2785    4943 
 20883     2323     180     168     144     162     169     150     162     164     152     126     113     119     121     112     101      79      78      56      49      24    2679    4892 
 18929     2399     229     214     189     206     183     195     206     193     180     157     161     138     120     119     102     104      97      68      45      29    2915    4150 
 24281     2521     190     238     204     198     221     159     190     160     177     159     149     132     130     112     105      99      63      65      41      20    3215    3973 
123836     2550     218     245     246     233     208     204     218     209     190     191     154     167     160     113     111      95      84      66      55      15    2943    3875 
 19737     2643     262     253     200     192     212     197     133     161     191     168     152     144     141     104     118     102      80      47      41      18    3014    4070 
  5322     2694     276     280     266     271     255     262     263     232     218     221     218     172     189     143     118     107     115      75      46      14    3023    3236 
 41376     3418     422     408     379     328     303     324     252     277     228     208     200     168     148     145      99      82      55      44      22       8    2979    2921 
