 53272      420       1       1       4       3       1       1       3       8       3       4       6       3       7       3       5       4      12      17      18      47    1219    8630 
 53942      503       3       2       3       6       0       7       1       4       3       2      10       7      12      14       7       8      13      21      21      55    1115    8686 
 53389      530       4       5       7       7       6       5       4       7       6       9       7       6       9       9      10      13       9      21      31      60    1411    8354 
 53884      631       3      10       5       5      10       6      15       9      15       7       9      10      12      20      20      16      28      30      37      90    1724    7919 
 53835      646       6       8      11       4       5       6       3       8       8      10      14      19      21      11      17      16      27      26      48      80    1691    7961 
 13219      664       8      10      10       7       7       6      10      12      14       9      16      15      13      13      10      18      13      23      35      71    1606    8074 
 22798      680       9       5       9       7       7      11       9      14      14      12      16       7      12      18      20      23      22      33      40      72    1810    7830 
 53702      682       5       6      11       8      11      12       8      12      16      14      11      19      15      16      15      17      24      42      37      60    1858    7783 
138198      685       7       4       7       3      10      11       8       6      12       9      14       9       9      14      16      19      16      30      38      60    1666    8032 
 53215      695      10      12      11      15       5      10      13      15      17      13      14      16      19      23      31      20      35      45      38      80    1872    7686 
 41558      696       9       9       6      11      10      11      13      10       7      23      13      12      16      23      19      22      20      26      40      81    1791    7828 
 53322      726       9      12       4      14      12      12      14      18      18      19      19      22      24      34      30      34      33      47      59      88    2102    7376 
 14944      742       4      14      10       8      14      10      23      12      15      13      24      14      15      21      14      31      25      41      46      87    1707    7852 
 25866      760      17       9      20      12      20      14      16      13      26      28      17      24      31      23      26      32      43      45      68      76    2185    7255 
 36988      763      14      10      12      20      10      12       9      15      15      16      13      14      18      13      23      37      24      29      44      54    1691    7907 
 41020      768      18      10      12      15       8      12      16      12      18      16      25      33      22      24      22      39      46      31      55      78    1915    7573 
  4796      773       9      11       6      11      12      11       7      13      19      21      26      17      15      18      15      27      28      37      39      59    1754    7845 
 24596      774       9      12      15       8      17      16       9      10      17      18       7      21      16      21      22      30      29      35      51      65    1980    7592 
 37515      780      13      11      18      12      12      12      22      12      14      22      19      16      21      19      22      25      46      42      49      77    1971    7545 
 14258      792      18      14      14      20      21      16      11      17      21      23      24      18      23      16      28      31      51      47      63      93    1938    7493 
  3285      805      16      18      13      18      11      21      28      19      19      24      21      28      25      37      33      41      29      39      57      74    2055    7374 
  1123      812      19      13      21      18      21      24      21      17      21      27      23      40      26      25      31      39      41      64      54     104    2205    7146 
 21576      817      11       8      14      11      10      17      12      15       9      19      10      26      18      15      24      25      34      41      40      75    2026    7540 
 18770      821      17      12      10      18      13      14      24      17      17      18      22      35      29      27      32      37      49      59      57      71    2027    7395 
 39164      826      19      15      17      18      19      23      19      24      18      25      21      31      31      29      32      45      51      49      57     115    2297    7045 
  4416      841      10      25      15      19      20      22      16      17      30      29      33      30      27      30      29      34      47      40      56     110    2320    7041 
  6296      856       4      18      20      16      22      19      20      25      25      26      16      21      22      25      30      34      46      44      50      70    2280    7167 
 32243      872      18      12      20      16      23      20      19      18      26      22      24      23      30      34      34      42      46      52      62      66    2074    7319 
  1081      886      25      17      22      28      33      21      26      22      29      33      34      33      44      24      35      40      46      56      73      91    2382    6886 
 30098      888      22      13      15      18      14      27      21      19      19      21      23      41      32      33      40      47      35      49      57      79    2213    7162 
 53587      893      20      10      16      17      22      12      13      17      18      20      24      25      27      20      23      20      30      29      46      51    1792    7748 
 36863      908      23      22      14      23      18      25      25      33      37      24      40      40      26      37      47      36      45      63      80      99    2405    6838 
 42218      909      13      17      21      14      18      30      18      17      21      36      29      26      36      27      32      40      42      45      53      77    2288    7100 
 22111      912      14      19      21      16      29      15      22      25      19      25      21      31      25      34      33      42      36      51      69      90    2248    7115 
  7310      917      17      23      18      14      25      28      21      25      16      29      36      25      38      33      42      55      48      68      74      99    2163    7103 
 52720      933      24      24      21      26      18      24      30      19      21      24      36      34      30      49      41      40      32      52      62      83    2302    7008 
 34561      947      12      25      28      16      21      25      28      24      25      22      23      28      32      38      23      37      47      54      54      76    2282    7080 
  5876      949      16      21      28      25      22      20      18      22      20      30      35      26      28      16      28      36      25      54      61      54    1818    7597 
 21246      958      16      28      24      29      17      24      26      21      34      26      28      39      39      43      45      45      45      77      57      83    2257    6997 
 27680      965      23      21      26      25      19      22      23      28      18      21      27      31      29      30      50      44      58      41      50      92    2260    7062 
  1297      966      30      19      27      30      17      22      24      31      32      38      36      27      36      39      52      46      41      72      86     101    2286    6908 
 42408      981      22      20      19      29      33      30      20      30      26      28      31      29      49      32      41      38      38      70      63      69    2290    6993 
 23119      982      30      23      20      27      29      25      29      32      40      29      41      35      35      50      47      51      68      59      64      86    2525    6655 
  8298      985      30      25      23      38      19      29      26      24      36      27      35      24      37      27      34      42      58      58      66      91    2268    6983 
 25932      994      24      26      26      34      28      35      27      33      25      33      39      37      36      29      40      54      51      60      67      88    2352    6856 
 35477     1003      22      22      25      26      20      30      25      35      35      24      35      35      26      47      34      56      53      58      49      53    2306    6984 
 40964     1004      13      22      18      30      24      19      35      26      23      24      24      20      36      34      45      32      47      44      48      74    1830    7532 
 16154     1006      34      24      23      33      28      27      27      19      31      30      37      43      40      41      45      52      46      74      83     101    2247    6915 
 62489     1012      25      31      30      28      27      19      25      27      19      38      47      37      42      41      53      53      59      66      76      97    2610    6550 
 12500     1021      26      21      19      30      29      30      28      31      25      29      32      36      33      36      39      44      50      66      54      69    2364    6909 
 15214     1031      15      19      23      24      22      31      23      27      29      22      26      31      31      35      54      43      46      54      57      65    1848    7475 
 42796     1051      32      18      30      27      25      30      28      34      17      38      33      40      36      35      32      35      36      45      59      48    2137    7185 
 22871     1066      27      32      27      17      26      23      21      34      26      38      37      35      31      39      44      44      60      55      70      82    1900    7332 
 68502     1080      23      24      25      19      27      30      29      27      31      26      24      35      35      38      35      35      39      45      61      68    2024    7300 
 68551     1082      15      25      30      31      27      21      32      30      36      33      28      31      29      30      38      39      44      59      59      68    2205    7090 
 35089     1083      27      31      41      36      37      36      43      43      38      35      42      42      48      63      42      62      59      61      59      83    2453    6619 
  3996     1086      23      32      27      29      27      37      38      37      31      42      42      37      48      44      43      44      54      65      68      74    2479    6679 
 40758     1089      25      36      33      41      33      33      45      44      47      30      41      55      43      52      50      43      54      79      72      81    2392    6671 
 27367     1095      30      22      20      19      33      30      24      27      27      30      22      26      32      33      34      43      55      48      49      57    2071    7268 
 35956     1104      24      28      30      20      31      22      39      32      37      26      33      30      33      34      49      55      48      39      53      69    2147    7121 
 29330     1105      21      32      34      34      27      29      27      29      27      36      40      37      44      46      40      50      44      59      55      64    2236    6989 
 37481     1107      26      21      22      28      24      44      40      34      32      39      37      35      39      33      53      50      57      62      65      63    1963    7233 
 37598     1130      17      23      33      29      37      32      25      42      35      34      37      38      29      58      46      35      46      54      55      65    2150    7080 
 61812     1136      38      29      40      26      43      43      44      32      39      43      49      46      41      55      39      55      59      67      72      78    2480    6582 
  6494     1137      35      45      46      46      41      46      42      46      52      37      53      64      54      58      63      60      81      84      87      95    2727    6138 
  2709     1143      48      49      42      42      45      47      38      42      48      41      58      61      59      58      52      76      54      71      76      86    2737    6170 
 38109     1143      38      30      37      37      21      32      32      32      41      34      42      37      39      47      58      55      41      61      67      50    2145    7024 
 28605     1153      28      25      23      30      39      42      33      46      41      41      43      48      52      50      50      47      57      63      67      57    2201    6917 
 41368     1158      29      31      24      34      31      34      36      43      30      45      55      39      44      46      44      51      45      42      62      64    2288    6883 
  4770     1182      26      35      28      28      49      36      34      34      36      37      42      40      34      50      47      55      65      33      55      44    2269    6923 
 64147     1201      32      35      35      51      33      47      49      52      44      51      54      66      54      73      59      57      78      59      91      82    2662    6236 
  3467     1203      38      40      31      40      33      32      31      33      35      31      42      40      52      46      43      37      50      52      61      54    2218    6961 
 36962     1206      30      47      43      46      43      45      35      51      61      55      45      62      37      73      51      54      54      61      72      73    2366    6596 
   687     1208      45      37      43      38      62      47      44      51      53      48      43      65      59      56      60      66      71      94      73      75    2569    6301 
 26302     1208      38      37      35      35      39      41      48      49      40      34      44      54      31      50      56      57      48      62      66      42    2309    6785 
  1388     1213      30      49      49      32      36      29      47      33      51      47      47      36      50      49      51      62      50      67      65      56    2594    6470 
 27334     1215      26      29      26      32      28      36      35      36      35      41      45      34      38      47      48      46      65      48      57      55    2155    7038 
 27573     1215      43      35      38      44      48      40      48      41      40      48      47      55      51      56      45      59      66      68      68      70    2535    6455 
  3061     1216      48      53      53      52      44      52      38      42      48      59      52      49      56      62      65      58      85      56      75      82    2544    6327 
 11791     1223      47      30      37      33      37      43      51      51      50      49      47      62      50      46      68      68      60      72      67      63    2590    6379 
 14365     1234      31      46      37      62      49      41      40      38      45      45      38      55      47      69      52      76      62      60      68      64    2650    6325 
 11692     1236      36      31      29      22      30      38      25      53      40      48      43      41      45      45      56      65      48      51      66      56    2392    6740 
 26336     1241      34      39      38      41      41      39      36      40      48      46      46      49      52      39      56      63      54      66      51      65    2145    6912 
 32508     1244      31      47      30      35      35      40      51      34      44      42      42      32      50      63      37      49      54      52      60      58    2362    6752 
  7930     1254      30      43      39      35      47      38      43      43      49      55      58      63      53      57      70      70      55      63      82      70    2585    6352 
   810     1268      27      44      43      47      33      47      56      42      55      37      41      49      35      57      46      49      52      59      66      62    2181    6872 
136101     1291      52      53      44      52      49      48      49      58      54      55      52      56      64      60      49      61      66      71      74      61    2664    6208 
 39842     1320      43      45      65      58      34      49      40      55      58      44      38      54      53      61      51      61      60      52      56      64    2541    6418 
 20461     1325      41      42      46      52      44      52      53      52      44      50      52      67      70      51      46      71      76      66      77      63    2799    6086 
 21600     1326      48      49      53      50      61      67      58      50      54      70      74      71      72      74      66      73      85      80      91      63    2716    5975 
120485     1340      42      50      72      49      57      71      55      64      49      64      57      52      70      65      71      69      67      77      70      59    2610    6160 
 98640     1340      49      52      47      51      53      65      53      52      53      49      65      73      63      77      67      71      71      63      81      73    2647    6125 
 19687     1355      63      57      53      60      50      54      47      48      48      55      50      53      59      57      77      82      59      65      72      63    2433    6395 
 36707     1362      58      46      45      54      53      70      47      53      40      62      49      59      63      79      70      57      66      60      54      52    2191    6672 
112094     1364      56      67      47      60      69      64      60      60      67      83      62      73      79      58      78      73      74      76      75      56    2739    5924 
 10660     1372      47      49      43      53      50      57      56      62      59      38      56      63      56      60      65      65      58      65      78      69    2490    6361 
 21113     1393      45      59      61      56      53      51      60      73      73      67      83      56      59      61      77      74      65      70      79      53    2774    5951 
 27698     1426      49      47      50      56      55      40      56      50      60      57      63      53      46      59      56      44      50      53      58      53    2384    6561 
 16758     1436      56      69      58      63      57      51      57      66      61      60      67      65      75      77      69      81      88      64      64      60    2842    5850 
 29702     1439      73      81      67      67      66      72      85      71      72      79      82      78      84      79      99     106      96      89      85      86    2960    5423 
 31989     1446      70      52      66      63      59      68      74      61      68      67      72      68      79      69      79      96      84      60      91      63    2777    5814 
 17095     1455      65      68      62      85      78      69      60      67      84      77      89      87      82      80      83      81      83      76      93      75    2769    5687 
  1370     1467      73      71      57      47      62      50      77      51      59      68      60      59      65      65      64      71      76      80      58      48    2528    6211 
 34835     1507      62      63      71      58      53      79      59      87      79      83      82      76      70      76      89      62     110      91      76      64    2865    5645 
 30759     1546      71      80      83      68      67      76      81      77      68      89      67      70      81      78      98      82      74      81      92      61    2701    5755 
 40675     1547      67      67      77      73      68      54      54      78      83      67      87      73      76      77      82      81      70      73      66      42    2574    6011 
 67959     1549      79      75      65      69      70      65      88      75      78      87      87      73      82      87      78      79      78      77      59      61    2495    5993 
 24422     1553      62      65      67      62      82      57      89      60      64      63      88      70      79      62      64      67      62      81      62      43    2635    6016 
 34108     1554      55      85      54      65      70      60      62      80      65      70      77      71      81      69      72      58      55      67      71      58    2507    6148 
 38935     1566      79      56      68      79      75      79      74      85      81      73      80     106      80      81      66      75      68      73      69      52    2946    5555 
142018     1569      72      74      68      73      75      95      75      87      87      90      86      88      96      91      83      80      72      54      64      54    2871    5565 
 29744     1569      77      72      82      70      75      72      88      86      91      72      84      66      84      85      89      93      75      76      82      50    2895    5536 
 12094     1575      78      84     105      97      83      89      86      71      72      83      79      67      82      88      87      84      89      85      53      60    2910    5468 
 36640     1582      84      80      78      69      84      55      81      76      67      72      88      80      90      79      82      87      87      70      63      53    2927    5548 
123539     1585      76      58      62      61      63      70      69      69      63      67      62      74      73      80      64      73      60      73      57      52    2586    6088 
145086     1585      70      72      85      85      86      77      84      96      72      88     100      75      88      86      69      73      89      77      65      56    2971    5436 
 15842     1595      78      74      95      92      88      86     101      91      86      96      92      86      88     102     100      80      86      89      86      62    2799    5443 
 23325     1599      96     110      86      92      92      97      93      90     132      94      94     100     130      97     101      96      95     101      75      76    3065    4988 
 20032     1610      54      72      82      64      61      80      73      72      75      85      56      69      69      87      59      70      73      63      54      46    2454    6182 
146183     1622      64      74      82      73      73      91      83      68      78      80      86      76      94      67      90      75      80      63      64      54    2886    5599 
 30155     1630      87      66      76      82      61      68      87      68      59      61      65      70      73      84      94      64      76      63      48      50    2423    6175 
 28548     1637      90      82      76      86      76      86     104      89      66      78      79      70      89      99      72      71      87      81      52      45    2300    6122 
  1966     1644      76      77      70      89      90      87      86      90      91      89      94      87      69      77      88      89      69      86      75      46    2982    5393 
 33084     1648      84      83      91      98      88      85      88      88      92      90      76      86      82      95      81      98      86      78      53      48    2801    5529 
 10462     1664     112      89      97      90     100      94      96     109     109      83      93      90      93     100      98      91      89      99      82      64    2901    5221 
  9091     1695      88      74      89      78      92      93      89      83      92      87      98      93      89      79      74      63      68      75      70      32    2724    5670 
 10819     1712      94      88      81      84     107      91      96     102     108      94     103     116     101      89      87      95      78      93      69      46    2776    5402 
 36210     1731      77      87      77      63      92      79      70      93      62      81      83      75      77      72      72      65      73      79      48      37    2485    6053 
 42283     1743     103      95      79      92      84      86      84      78      93      79     100      89      77      85      93      76      66      80      43      49    2377    5992 
  6890     1758     107     114      88      93      87      93      90      91     104      94      85      88      95      85      89      95      87      74      69      48    2960    5264 
 14704     1765      93     107     112     109     119     102      97     101     107      95      98      94      92      86     109      82      67      70      61      45    2958    5196 
 29876     1799     108     113     131     119     113     117     106     101     115     110     103      95     101     122     104      90     102     100      80      39    2946    4985 
 24570     1801      93     107      72      94     101     101      82      89      96      92      98     106      95      91      80     103      73      70      63      59    2406    5829 
 19752     1816     125     126     139     122     112     122     128     102     144     123     140     125     127     102     122     112      92     102      78      60    3208    4489 
 61325     1847      95      99      74     107      97      88     113      89      94      96     108     102      97      85      74      83      84      71      57      33    2721    5533 
 64758     1850     114      98     100      81     108      83      93     100     102      86      88      88      82      85      85      86      85      60      53      47    2774    5502 
 11627     1865      97      99     101     124     108     105     103     101     119     130     111     101     109      92      92     101      96      74      71      45    3009    5012 
 37945     1867     105      92     101      97      86      95      92      98      93      90     104     110      78      94      80      71      78      77      72      42    2722    5523 
 36277     1874     122     115     114      94     110     105     105      84      94     107     103      98     102      93     100      89      88      72      59      53    2374    5719 
 16303     1877      84     115      99     106      89     109     110      97     108      89      68      77      94      67      78      68      89      58      58      37    2825    5475 
 61333     1889     105     107     129     102     112     102      95     136     112     124     101      86     100     100      85     101      96      76      54      57    3074    4946 
146928     1904     116     128     133     128     128     114     111     133     106     110     107     107     111      74      87      83      82      84      49      44    3019    4946 
145953     1922     125      96     128     112     108     120     111     114      90     109      96     104      96      99      94      81      82      76      68      37    3092    4962 
  9286     1926     118     116     138     135     123     125     118     111     124     110     126     113     108     128     104      88      96      64      62      50    2947    4896 
 39073     1927     104      95     109     106     101     101     109     113     105     102      94      88      85      98      96      84      85      69      63      32    2815    5346 
 24745     1960     116     155     124     125     108     137     119     127     131     118     116     137      99     101     101      95      90      65      59      31    2998    4848 
  6593     1972     138     123     115     137     134     127     122     114     107     129     132     131      97      98     115     102      70      72      64      50    3046    4777 
 17772     1979     118     133     119     123     130     121     126     119     115     130      97     105      85      87     101     102      82      69      52      32    2716    5238 
  3970     1988     132     127     134     114     142     120     128     117     105     114     116     112     105     111      95      90      83      67      59      36    2738    5155 
 24075     2010     128     106     126     134     131     120     100     104     124     122     116     122     106      97     108     109     109      70      65      35    2714    5154 
 28365     2115     148     148     136     126     140     128     143     117     123     142     101     119     121     105      96      81      74      75      54      37    2817    4969 
 23846     2116     175     174     163     157     146     154     126     152     140     144     128     141     128     130     101      96     109      75      56      31    3116    4358 
 11049     2128     142     127     137     127     141     130     126     142     123     112     115     104     112     110      76      82      73      71      60      30    2805    5055 
 36822     2169     130     126     126     128     129     135     150     143     130     133     111     110      95     111      95      80      69      43      60      29    2651    5216 
 13532     2189     144     168     127     131     159     143     150     159     124     120     106     105     132      96      92      84      79      71      61      35    2879    4835 
 41046     2203     171     178     144     169     164     150     149     147     139     143     108     139     142     108      90      90      88      69      66      38    3114    4394 
 28217     2260     193     179     180     194     155     177     158     159     138     145     144     139     126     128     133     111      86      60      57      33    2920    4385 
 20883     2323     193     183     163     181     165     143     166     161     148     125     150     129     125     103     115      73      57      69      40      28    2582    4901 
 18929     2399     175     179     198     173     197     162     182     136     156     145     117     122     137     101     106      83      77      44      50      24    2499    4937 
 24281     2521     208     195     223     183     190     181     173     173     176     159     147     128     114     100     111      91      84      50      42      21    2764    4487 
123836     2550     239     221     222     182     187     196     188     167     175     170     154     133     129     126     105      96      82      57      51      17    2445    4658 
 19737     2643     248     198     216     208     204     177     174     173     180     150     140     137     128     133     100      88      69      40      39      13    2668    4517 
  5322     2694     218     212     211     213     210     215     185     168     157     165     150     124     109     110     108      69      64      49      38      20    2693    4512 
 41376     3418     424     384     356     350     331     320     285     278     230     189     160     141     151     113     112      76      51      34      18       1    2778    3218 
