 53272      420       3       2       2       2       5       2       3       2       4       2       7       3       4      10      12       3       8      13      26      55    1381    8451 
 53843      451       1       0       4       6       3       0       5       3       9       7       7       4       7      12       7      12      15      11      23      66    1395    8403 
 53942      503       2       3       4       7       3       3       3       8       5      12       3      11       3       6      16      13       9      37      23      71    1508    8250 
 53389      530       3       4       1       4       7       5       2       2      10       7       6       7       4       8       6       8      17      21      20      65    1275    8518 
 53884      631      14       7       7       8       9       7       5      11       8      16       5      21      12      16      16      18      19      26      40      73    1804    7858 
 53835      646       5      10       5       6       9      10       9       8       5      10       7       9      14      10       5      13      24      15      25      63    1308    8430 
  4127      678       8       9       8      13       8       5      12      13      12      10       6      11      17      17      16      19      17      35      27      52    1530    8155 
 22798      680       5      11       7       8       7       8       4       9      15      11      12      11      11      13      20      19      15      23      28      50    1489    8224 
 53702      682       7      12      17      11      13       8      11      14      20      13      14      13      20      21      24      19      35      37      42      76    1739    7834 
 53215      695      12       9      14      21      11      14      17      14      12      16      12      18      19      23      24      19      31      46      49     102    1824    7693 
 26906      725      10      11      12      11      16      15      16       9       9      17      10      10      13      18      17      19      33      30      30      58    1659    7977 
 53322      726      10       8      14      14      11       9      18      11      16      17      21      16      26      20      16      23      35      39      44      70    1874    7688 
 14944      742      14       6       7      12      18      13      17      22      22      22      13      19      27      19      21      25      36      47      57      77    2059    7447 
 66795      745      12      11      14      14      12      16      14      15      15      13      22      20      23      35      20      29      21      33      58      83    2006    7514 
 25866      760      20       8      10      14       8      12      16      21      16      18      19      17      28      23      32      38      35      46      48      81    1842    7648 
 12310      761      17       5      13       8       5      14      12      14      17      16      17      16      22      26      21      21      28      25      32      69    1797    7805 
 36988      763       6      13      15      14      14      17      20      14      19      23      17      21      20      37      24      37      16      39      44      76    1997    7517 
  4796      773      18      13      16      11      18      17      18      10      17      18      21      14      25      24      39      16      29      48      65      98    1997    7468 
 24596      774      15      15      19      13      10      10      17      12      15      17      25      15      19      26      30      30      41      35      56      61    1902    7617 
 17004      781      13      10      15       8      18      13      26      16      11      13      16      12      24      13      29      35      34      38      36      56    1816    7748 
  1792      783      15      15      14      15      10      19      12      11      15      24      13      18      15      33      36      35      33      45      49      82    2031    7460 
  8722      798      13      14      10      11      15      23      23      14      17      19      20      14      20      26      20      22      38      34      41      63    1736    7807 
  3285      805       8       8       6      11      16      16      13      15      18      14      18      24      15      28      23      29      15      32      42      69    1758    7822 
139311      809      13      17      16      18      14      14      17      13      25      26      17      27      21      19      20      35      36      50      59      71    1905    7567 
 21576      817      11      18      14      14      13      20      19      18      22      20      10      13      28      17      36      26      34      31      44      64    1862    7666 
 18770      821      11      18      12      14      24      26      17      25      22      27      28      19      25      22      31      28      30      63      49      72    2160    7277 
 39164      826      26      14      15      16      16      19      22      19      28      27      23      35      35      27      28      35      46      52      67      94    2162    7194 
  4416      841      10       9      10      15      19      18      10      15      22      20      21      19      23      22      23      35      29      31      53      63    1857    7676 
  2154      847      19      19      19      12      14       9      28      22      21      20      19      29      29      24      30      41      42      45      51      81    1992    7434 
  6296      856      16      17      17      15      28      18      14      22      13      25      18      32      33      27      43      36      35      48      58      78    2011    7396 
 64683      857      13      20      14      22      16      17      10      14      24      23      21      30      26      21      29      24      37      43      39      56    1926    7575 
 32243      872      19      17      12      14      13      20      13      19      18      25      29      30      28      25      23      32      36      45      59      79    1950    7494 
 32755      881      15      17      20      13      27      25      15      21      21      17      32      33      25      30      34      48      41      38      67      69    2089    7303 
  1081      886      19      18      16      17      23      23      20      24      24      29      29      31      33      32      32      52      56      52      54      79    2070    7267 
 30098      888      21      15      17      15      16      21      20      21      20      32      20      28      32      36      21      32      34      48      56      70    2242    7183 
 53587      893      24      14      15      17      25      32      17      23      32      22      26      27      30      34      42      36      44      52      66      89    2050    7283 
  7054      900      14      19      19      27      27      20      20      29      39      25      32      21      36      40      40      40      46      42      79     102    2151    7132 
 22178      903      22      13      11      13      12      10      17      12      26      22      17      19      20      37      33      30      29      42      51      77    1850    7637 
 36863      908      11      10      12      19      16      15      11      15      24      14      15      22      30      20      22      39      32      36      47      48    1688    7854 
 42218      909      12      20      18      15      19      21      26      18      21      19      30      29      27      35      38      35      47      50      64      67    2072    7317 
 22111      912      19      12      11      20      18      20      18      19      17      20      15      20      18      23      30      43      33      50      58      74    2095    7367 
  7310      917      24      22      28      19      22      21      16      24      28      13      28      37      27      30      32      43      43      37      49      64    1925    7468 
 38588      918      15      30      15      14      17      20      28      15      16      19      12      30      29      40      32      24      33      53      70      70    1993    7425 
 52720      933      18      21      17      22      18      31      23      29      28      33      29      40      39      29      41      50      36      58      61      88    2087    7202 
   463      937      14      24      16      15      21      15      15      20      19      23      31      29      29      38      29      44      39      48      40      67    2020    7404 
 34561      947      19      26      20      30      25      27      27      29      30      29      31      40      42      42      47      59      49      59      79     105    2196    6989 
  5876      949      20      17      25      27      32      31      28      24      39      31      35      29      34      51      48      41      55      53      65      81    2188    7046 
 21246      958      19      24      26      17      34      28      24      26      31      27      26      30      38      34      37      54      43      60      68      77    2329    6948 
  1297      966      15      22      23      25      21      22      31      18      26      21      27      37      31      34      40      40      49      59      51      64    2027    7317 
 33555      967      17      25      15      25      16      21      20      27      17      31      23      23      26      26      49      30      44      42      65      78    2070    7310 
 42408      981      29      26      26      20      24      18      19      24      23      25      29      44      27      37      38      45      50      55      68      59    2012    7302 
 23119      982      15      25      21      16      18      21      32      26      21      24      21      33      27      30      27      41      34      42      43      65    1913    7505 
  8298      985      19      13      17      20      24      27      28      32      20      30      23      31      33      34      33      31      44      41      45      51    1935    7469 
 25932      994      31      23      26      15      23      29      28      32      32      30      27      30      36      31      43      49      40      53      56      82    2201    7083 
 35477     1003      23      19      19      23      18      28      30      41      34      39      39      37      31      40      55      35      52      40      59      86    2222    7030 
 40964     1004      28      26      25      26      23      43      35      40      32      45      37      34      33      45      62      54      55      62      67      86    2207    6935 
 16154     1006      26      18      29      21      26      25      19      29      42      36      31      21      44      38      46      56      62      56      68      88    2377    6842 
 62489     1012      34      33      26      32      35      25      24      34      25      40      38      39      50      51      46      50      62      58      70      86    2393    6749 
 12500     1021      19      37      24      23      22      20      24      24      37      29      29      32      42      43      46      39      49      51      56      84    2068    7202 
 15214     1031      17      23      18      24      20      30      31      27      32      28      28      44      22      34      32      44      47      45      56      61    2002    7335 
 42796     1051      22      20      26      23      29      28      28      33      23      30      32      48      43      35      45      40      51      43      63      69    2183    7086 
 22871     1066      31      29      28      28      30      29      26      39      30      35      51      43      45      34      44      53      64      57      68      78    2458    6700 
 68502     1080      32      30      32      29      31      33      33      30      38      38      57      62      48      54      45      54      55      70      58      73    2490    6608 
 68551     1082      23      30      34      27      22      23      23      35      34      35      34      39      33      29      46      33      53      52      53      58    2036    7248 
 40758     1089      31      25      36      43      26      38      38      32      35      41      36      28      46      61      43      44      60      63      77      87    2535    6575 
 27367     1095      28      31      39      32      26      34      50      32      39      38      56      49      53      49      50      52      66      69      76      89    2396    6646 
 37481     1107      29      32      24      26      27      38      35      34      24      44      38      32      36      36      36      37      48      43      46      63    2167    7105 
 37598     1130      26      20      40      27      38      22      35      34      39      29      29      34      40      46      29      39      43      49      62      45    1909    7365 
 61812     1136      27      49      41      42      40      32      39      40      48      48      56      60      34      51      53      64      65      74      69      62    2342    6664 
  6494     1137      54      48      60      34      49      46      46      50      53      42      57      46      51      52      54      49      71      64      72      64    2541    6397 
  2709     1143      30      41      40      44      44      40      39      37      33      39      43      46      47      63      71      42      56      59      58      67    2630    6431 
 38109     1143      26      39      25      29      29      40      34      47      31      48      31      46      43      43      48      45      61      48      72      63    2204    6948 
 28605     1153      36      23      44      33      33      46      50      39      44      52      51      40      52      55      67      62      65      85      77      70    2388    6588 
 41368     1158      39      38      37      48      31      42      42      47      36      51      51      50      44      59      57      61      61      58      81      76    2602    6389 
  4770     1182      25      23      31      30      26      29      42      36      38      34      45      47      39      50      47      38      50      52      50      68    2171    7029 
 64147     1201      56      41      43      36      45      44      52      40      53      59      45      70      55      72      54      63      68      70      81      78    2458    6417 
  3467     1203      49      46      43      45      47      51      54      65      41      61      39      52      61      64      63      78      73      74      69      65    2373    6487 
 36962     1206      40      53      52      41      38      36      56      45      43      53      42      54      46      52      71      56      62      69      77      76    2652    6286 
   687     1208      30      27      37      32      35      35      45      41      29      43      52      35      50      45      51      49      50      70      50      56    2363    6775 
 26302     1208      43      42      42      44      59      38      47      52      54      33      51      60      46      50      69      71      60      74      76      73    2688    6228 
  1388     1213      34      44      50      37      44      61      49      46      50      43      55      48      73      52      62      62      74      70      72      76    2455    6443 
 27334     1215      27      34      35      37      30      26      31      37      36      33      49      40      36      39      50      39      40      47      53      51    2024    7206 
 27573     1215      37      32      30      39      42      43      43      41      35      37      40      43      47      54      58      45      36      52      64      51    2177    6954 
  3061     1216      43      43      52      44      48      42      51      52      44      61      47      54      60      69      54      58      74      64      89      69    2665    6217 
 11791     1223      44      51      47      44      45      51      46      54      51      55      70      53      64      55      63      79      53      74      81      76    2423    6421 
 14365     1234      35      37      44      37      42      52      62      50      55      54      50      61      61      58      52      53      57      72      71      61    2448    6488 
 11692     1236      49      38      41      40      54      44      38      38      43      48      50      47      53      53      61      73      56      63      71      68    2765    6207 
 26336     1241      26      39      41      34      52      42      46      42      42      46      49      57      57      60      62      59      55      68      72      67    2305    6679 
 32508     1244      37      39      47      45      32      48      44      48      46      45      43      49      62      65      40      63      68      66      63      57    2315    6678 
  7930     1254      28      38      42      47      34      42      35      39      40      45      38      45      41      48      45      53      61      73      71      63    2284    6788 
   810     1268      48      41      58      58      50      45      48      47      49      64      63      48      54      53      56      73      82      77      65      68    2702    6151 
136101     1291      50      52      49      62      40      60      47      62      38      53      54      65      58      68      64      58      73      66      61      58    2372    6490 
 39842     1320      55      65      62      61      63      72      58      73      68      62      53      80      77      88      71      68      82      91      91      91    2679    5890 
 20461     1325      40      45      40      40      48      48      50      50      44      46      41      50      52      44      49      49      64      51      61      69    2419    6600 
 21600     1326      58      61      56      50      56      59      63      61      62      67      75      62      68      83      79      80      80      99      93      62    2738    5888 
 35865     1337      71      64      63      73      73      68      63      56      70      64      57      74      75      76      70      64      68      76      93      69    2514    6099 
120485     1340      47      39      45      46      39      46      46      41      61      43      49      60      60      57      41      50      70      65      63      50    2413    6569 
 98640     1340      59      72      62      59      55      81      62      67      81      65      68      66      73      75      77      82      91      84      85      68    2689    5879 
 19687     1355      50      46      37      32      41      34      43      48      48      44      48      43      45      50      55      55      52      54      46      50    2140    6939 
 36707     1362      44      44      59      47      52      39      60      55      42      57      50      41      58      52      58      70      62      53      66      45    2473    6473 
112094     1364      37      48      45      56      48      48      58      49      43      71      60      49      65      49      61      55      60      69      60      48    2517    6404 
 10660     1372      52      51      43      48      41      47      66      45      54      55      69      43      52      54      57      65      74      63      60      46    2579    6336 
 21113     1393      70      79      76      48      72      66      48      49      70      74      56      70      51      53      79      81      69      85      61      62    2544    6137 
 27698     1426      59      76      62      65      58      67      81      70      70      65      71      76      72      72      89      63      60      67      77      72    2803    5805 
 16758     1436      54      58      63      57      59      58      59      47      74      56      65      78      65      51      64      52      81      65      62      62    2448    6322 
 27011     1436      56      63      62      67      53      61      61      56      46      53      53      58      49      50      82      69      71      73      52      39    2429    6397 
 29702     1439      61      66      48      53      62      55      43      58      62      74      66      69      70      66      70      63      59      64      70      47    2530    6244 
 31989     1446      67      55      82      82      78      78      78      93      66      95      79      71      90      85      96     108      79      74      92      54    2750    5648 
 17095     1455      58      52      54      61      81      62      50      74      59      51      70      65      51      69      67      66      60      69      52      52    2562    6215 
  1370     1467      69      78      71      69      77      68      70      66      71      84      92      86      76     102      86      86      86      90      59      59    2585    5870 
 34835     1507      58      61      55      55      64      68      77      59      66      52      56      73      57      53      65      77      65      63      59      45    2443    6329 
 16941     1544      66      43      49      64      58      64      64      57      59      65      74      73      70      85      71      55      63      63      67      44    2492    6254 
 40675     1547      55      72      65      63      80      50      66      58      62      69      78      74      68      93      68      72      72      62      62      41    2472    6198 
 67959     1549      78      88      71      80      76      83      77      99      86      93      96      68      84      98      97      98      73     111      89      52    2668    5635 
 24422     1553      74      95      76      80      87      89      94      82      85      85      99      90      92      91      87      91     104      78      75      56    2660    5630 
 34108     1554      54      71      59      56      59      67      53      52      56      56      58      66      73      69      59      61      57      44      49      48    2195    6638 
 38935     1566      58      71      54      57      71      68      75      66      68      76     101      69      68      66      80      71      61      61      65      44    2669    5981 
142018     1569      90      74      86      92      78      82      75      95      86      85      88      84      95      77      93      62      78      86      75      62    2644    5713 
 29744     1569      95      83      86      91      71      97      90      85      85      83      97      77     106     102      89     118      98      73      66      49    2677    5582 
 12094     1575      63      60      78      75      75      79      83      82      82      85      79      73      71      88      76      90      66      90      55      54    2712    5784 
 36640     1582      66      58      70      62      81      72      67      74      62      77      77      64      67      77      74      71      63      64      70      55    2446    6183 
123539     1585      73      88      81      70      70      75      79      70      73      64     103      67      69      70      76      79      81      79      63      57    2831    5682 
145086     1585      56      59      66      66      64      71      75      77      83      74      71      63      67      64      76      80      68      73      59      47    2552    6089 
 35527     1598      83      67      72      93      77      51      62      77      70      84      70      89      84      67      65      83      61      82      53      47    2552    6011 
 23325     1599      71      82      91      81      80     105      94     108      85      73      76      81      87      81      84      78      73      66      81      58    2957    5408 
 20032     1610      72      71      93      94      78      75      82      86      86     105      73      81      84      72      79      69      95      86      69      55    2733    5662 
146183     1622      73      60      61      58      55      64      72      65      77      73      76      64      62      73      62      76      61      55      53      40    2319    6401 
 30155     1630      58      66      75      69      57      61      62      64      59      77      69      75      53      53      77      63      59      64      54      34    2314    6437 
 28548     1637      67      94      83      64      68      77      79      72      72      76      87      70      68      76      72      80      78      74      46      46    2521    6030 
  1966     1644      83     118      95     110     104      84      83      90     113      79      98      98      98      80     113      97      88      98      87      65    2846    5273 
 33084     1648      80      71      75      57      76      98      70      83      78      79      91      85      83      91      84     100      85      78      66      48    2583    5839 
 10462     1664      95      82     107      84     102     108     134     104     111     104      80     123     101      98      85      92      96      97      78      44    2734    5341 
 24562     1670     125      87      71      85     100      92      78      94      98      91     111      92      97      81      77      73     102      71      69      61    3148    5097 
 40048     1671      65      76      89      80      65      66      81      82      69      84      72      69      81      70      70      59      64      65      54      36    2563    6040 
 36210     1731     112      82      93      83      74      93      80      79      97     100      78      95      84      90      81      66      72      68      61      51    2695    5666 
 42283     1743     108     102     114      95     113     105     112     115     113      96     114     122     130     106     117     104      93      76      90      58    2952    4965 
  6890     1758     106     103     111     129      93     101     101      94     106      99      98     105      95      97     106     102     115      86      71      49    2913    5120 
 14704     1765     110      87     102     113     107      93      87     100      95     106      94      95      93      94      97     100      87      77      75      45    3093    5050 
 29876     1799     109      90      85     103      92      99      86      98      94      91      74      88      97     100      83      94      66      63      48      27    2545    5768 
 24570     1801     120     110      90     111     121     110     109     111      96     104     107     106     108     108      92     108     101      69      62      49    3006    5002 
 19752     1816     106     105     108     110     125     102      85     117     106      98     120     100     109     107      79      96      71      52      77      50    2739    5338 
 61325     1847     102      99     102     111     112     121     122      99     118     109      99      92     117     101      99      92      77      73      78      46    2846    5185 
 64758     1850     122     122     135      99     118     110     125     117     127     136     117     109     143     108     106      92     105      75      72      55    2839    4968 
 11627     1865      97     108     103     101      93     113      90      98     110      97      81      92      91      91      85      91      80      61      78      41    2873    5326 
 37945     1867     121     129     116     127     112     160     129     145     119     113     137     111     121      99     117     100      96      90      71      51    2737    4999 
 36277     1874     130     124     132     139     137     135     138     109     151     136     124     134     102     128     107     113     112      87      75      62    2986    4639 
 16303     1877      90      85      96      99     117      96      96     116      97      97     103     106      91      83      85      88      71      64      55      32    2881    5352 
146928     1904     106     106     111      98     103     104     102     103     118      96      98      99      92      86      92      83      69      67      56      32    2670    5509 
145953     1922     127     115     114     106     132     118     123     110     115     115     117     104     101     106      88      87      68      68      57      43    2679    5307 
  9286     1926     105     108     112     130     116     111      94     105     110     101     110      74      95      92      76      98      81      63      47      37    2638    5497 
 39073     1927     105     112     110     113     123     118     115     111     132     119     109     104      95     103      92      84      81      61      57      34    2681    5341 
 24745     1960     134     144     131     133     140     116     141     142     136     150     126     134     123     102      98      86      92      74      63      43    2791    4901 
  6593     1972     118     114     100      97      92      97      97     109      94     113      88      89      84      77      85      82      65      53      50      34    2364    5898 
 17772     1979     134     119     125     116     110     113     115     105     121     124     113     104     121     102      89      87      82      74      53      29    2735    5229 
  3970     1988     128     119     130     131     130     120     100     134     123     102     104     130      90      88      88      70      69      80      58      42    2718    5246 
 24075     2010      88     119     104     115     110      91     102      94      96     105      96     103      75      66      84      79      84      58      51      23    2500    5757 
 28365     2115     136     111     121     106     126     103     113     108     105     103     113     107     105      89      86      63      73      43      46      23    2443    5677 
 23846     2116     118     120     125     108     118     116     102     115     107      93      70     100      91      84      63      90      80      70      52      18    2525    5635 
 11049     2128     133     151     147     170     173     132     146     140     130     135     129     131     110     114     113     101      87      79      51      30    2917    4681 
 36822     2169     134     141     136     117     132     120     136     149     106      99     112     112     100     111      86      92      71      67      50      27    2777    5125 
 13532     2189     142     137     123     150     145     125     124     131     116      91     125     111     101      97      89      78      65      59      42      24    2790    5135 
 41046     2203     159     144     148     151     145     120     126     140     133     102     127     110     108      94      92      83      75      56      47      32    2742    5066 
 28217     2260     178     173     161     157     151     162     156     145     137     118     140     117      97      86      90      80      79      70      52      23    2847    4781 
 20883     2323     174     167     159     162     143     151     145     140     147     121     136     113     109     102      94      85      84      59      43      24    2723    4919 
 18929     2399     190     197     212     197     193     187     136     160     153     142     136     133     133     141      83      95      86      51      38      24    2852    4461 
 24281     2521     221     211     190     213     193     193     210     155     162     140     132     114     126     114     109      82      58      60      34      13    2658    4612 
123836     2550     199     167     183     210     167     151     165     155     138     132     123     122     113      86      98      70      73      47      26      15    2601    4959 
 19737     2643     224     232     235     231     196     211     190     195     156     188     165     144     151     123      99      78      64      62      36      13    2849    4158 
  5322     2694     210     220     203     195     177     171     190     155     151     141     124     116     118     108      83      77      69      52      24      16    2596    4804 
 41376     3418     476     448     387     405     376     363     338     260     271     235     198     186     142     130     117      80      52      31      17      16    2711    2761 
