  6940      278      12      12       7      11       8      11      13      14      20      19      17      16      18      22      20      20      20      20      52      59    1611    7998 
 14092      279      12      13      14      12      10      15      11      11      19      24      18      15      28      22      16      26      25      30      48      73    1713    7845 
 52662      285      10      13      14      11      11      25       9      10       9      13      13      23      18      19      15      27      18      25      45      66    1561    8045 
 29991      292      11      13      15      13      12      11      14      11      16      22      17      23      23      26      25      38      33      48      49      70    1683    7827 
 32607      314      15      14      15      14      18      14      14      21      22      19      19      21      26      15      20      27      36      37      36      67    1878    7652 
   119      317      10      11      18      11      17      16      19      14      14      16      14      14      19      30      25      23      16      37      28      59    1559    8030 
 10439      323      16      17      22      15      28      16      19      22      18      21      15      26      27      38      37      34      29      29      42      85    1829    7615 
 27888      331      16      16      12      19      19       8      14      10      18      22      18      31      22      18      16      19      36      38      41      53    1603    7951 
 37671      331      18      20      24      21      17      23      13      25      22      14      32      32      30      35      34      31      40      25      43      73    1826    7602 
 30304      337      19      25      15      14      15      28      28      21      25      27      28      22      26      34      31      31      40      31      46      77    1904    7513 
 13110      345      18      24      21      19      20      13      20      29      29      26      25      26      26      36      33      36      46      40      70      69    1917    7457 
 29454      346      22      11      19      21      14      21      27      21      22      31      17      31      24      32      37      25      50      31      52      69    1775    7648 
 13243      352      14      21      17      24      28      19      26      25      25      33      28      21      28      41      27      32      34      51      55      71    1934    7446 
 27854      352      24      23      21      22      31      27      27      33      22      21      23      31      22      24      36      36      37      34      47      84    1885    7490 
  9779      357      14      21      21      25      18      20      23      17      16      27      16      22      26      25      32      27      31      40      35      51    1687    7806 
  6312      359      28      22      16      16      26      26      34      29      19      28      20      19      32      31      27      46      50      41      46      71    1951    7422 
 31732      360      24      15      18      22      21      20      15      22      19      27      32      30      32      26      25      27      39      39      44      69    1700    7734 
 38760      361      17      15      13      26      18      26      24      24      20      22      23      27      39      29      27      40      38      46      48      62    1750    7666 
  8995      362      15      16      23      27      20      22      14      23      21      24      27      33      24      31      27      40      41      45      50      53    1800    7624 
  3863      366      22      18      10      16      22      29      18      15      24      30      34      26      27      42      36      13      43      48      47      56    1768    7656 
 24984      366      21      23      19      29      20      18      25      25      23      19      31      37      26      36      37      31      59      45      45      59    1973    7399 
 28779      366      23      23       9      23       8      18      20      24      21      25      29      27      25      32      33      31      47      49      55      56    1685    7737 
  4507      371      19      20      22      26      15      25      25      23      23      26      23      34      35      32      47      37      37      34      52      84    1978    7383 
  5819      372      25      22      24      18      28      33      23      36      37      37      31      37      28      35      32      33      42      44      54      72    2001    7308 
 11171      372      13      19      19      24      15      24      21      29      27      22      26      30      26      36      35      36      52      45      43      78    1850    7530 
 20420      372      23      23      24      30      20      24      26      35      22      31      28      32      38      34      29      39      48      44      58      82    1920    7390 
 41319      372      23      23      24      27      31      28      20      38      25      35      35      28      30      31      24      42      34      41      49      70    1986    7356 
 10041      375      25      20      30      40      21      20      30      30      40      33      27      50      29      45      38      50      44      47      54      80    2035    7212 
 26393      378      13      21      27      22      27      30      19      26      28      31      33      25      29      24      30      32      30      32      26      59    1734    7702 
  7211      379      24      19      23      22      18      29      30      30      15      27      25      28      29      27      33      34      38      32      36      54    1757    7670 
 17194      385      12      25      20      18      21      20      23      18      21      22      37      23      36      30      32      36      47      42      54      68    1802    7593 
  2840      390      30      34      28      31      22      36      28      31      38      30      39      31      40      47      34      55      47      64      65      75    2071    7124 
 38414      390      21      26      24      24      21      28      20      32      28      30      26      34      28      23      31      40      52      49      59      58    1951    7395 
  6619      392      34      35      24      26      26      21      37      39      39      22      33      47      33      30      26      44      59      39      52      72    2049    7213 
 28860      392      23      28      19      23      20      23      31      29      42      33      33      43      42      35      41      34      53      44      45      82    2085    7192 
 19364      394      22      25      23      34      29      26      28      30      34      17      33      27      28      30      35      41      34      32      53      64    1928    7427 
 19216      395      23      33      31      37      32      15      27      30      21      33      39      35      34      31      44      47      52      50      69      75    2028    7214 
   562      398      27      27      30      23      23      28      33      23      26      23      29      21      33      34      27      49      34      37      51      58    1843    7521 
  6635      399      19      35      27      42      29      25      41      33      31      34      29      39      44      36      43      42      41      45      53      69    2011    7232 
 17491      399      31      26      29      36      39      34      34      31      32      32      40      36      44      29      50      44      46      54      69      59    2062    7143 
  7724      400      23      19      18      24      11      32      25      27      20      24      25      45      33      30      29      37      39      33      37      70    1862    7537 
 33563      401      29      26      33      26      30      30      24      29      26      26      38      32      35      35      42      53      60      48      48      63    1881    7386 
  2576      403      23      26      30      25      36      37      22      33      23      30      31      29      34      38      39      39      38      57      61      63    1889    7397 
 38042      404      22      34      22      25      27      34      28      31      31      30      30      43      33      41      32      49      35      50      47      62    1982    7312 
 18960      407      14      35      12      21      30      21      22      37      27      34      22      31      39      38      39      44      38      41      43      49    1859    7504 
 42572      410      31      21      30      30      30      29      30      29      36      36      28      31      37      36      39      45      46      48      54      70    1973    7291 
 18218      413      28      35      32      18      29      25      25      26      31      25      29      31      37      35      32      42      47      50      41      57    1790    7535 
 23036      414      32      28      24      34      27      27      22      38      23      39      33      35      25      46      48      47      35      53      62      57    1964    7301 
 21956      415      30      31      24      37      22      39      28      37      35      35      24      36      35      44      29      25      54      47      56      60    1992    7280 
 28183      415      29      21      25      27      33      24      27      34      22      29      36      34      31      31      38      42      34      42      45      64    1869    7463 
 37846      416      27      29      35      25      27      23      28      27      38      37      37      36      42      33      44      48      47      55      43      49    1881    7389 
 52704      421      29      37      28      34      30      33      30      32      33      38      31      41      46      38      44      40      50      55      53      63    1923    7292 
 41202      423      33      33      31      28      38      29      31      30      36      36      34      46      44      33      41      38      37      44      55      51    1959    7293 
 19661      424      18      38      23      36      32      31      30      32      41      25      48      35      23      33      43      46      42      46      51      39    1796    7492 
 23960      424      28      30      33      24      34      27      35      22      35      39      47      35      31      36      38      43      39      47      42      53    1911    7371 
  6528      427      30      42      40      41      46      29      31      38      32      31      39      33      48      52      52      49      51      46      54      71    2129    7016 
 27896      427      25      33      33      39      37      38      35      36      28      31      37      46      47      43      45      43      50      61      66      67    1952    7208 
 14571      428      35      40      26      29      29      35      35      33      26      44      46      37      52      41      41      55      53      53      52      74    2136    7028 
 52910      431      38      38      35      38      28      37      36      28      47      38      41      31      42      29      33      42      46      56      55      59    1992    7211 
 17905      431      31      28      33      34      36      34      31      31      30      33      50      44      53      42      34      58      45      50      70      78    1913    7242 
  2568      432      23      26      28      23      20      39      31      42      24      31      23      42      56      35      33      40      39      41      46      56    1917    7385 
 12773      432      21      36      38      30      37      48      34      36      34      45      45      44      46      51      49      40      69      53      59      68    2104    7013 
 34256      432      32      42      27      33      31      41      28      41      39      22      40      40      45      40      51      37      57      48      56      62    2044    7144 
 17343      433      23      22      25      31      42      32      28      36      34      34      44      48      29      40      45      45      40      50      57      58    2028    7209 
 32763      436      47      30      44      40      36      42      42      30      39      42      44      28      42      50      56      61      50      52      64      69    2067    7025 
 40683      443      34      32      33      35      36      31      40      35      45      34      44      43      41      48      52      56      48      46      54      71    2239    6903 
 25056      447      40      28      31      43      42      33      46      42      29      24      40      44      44      42      46      43      42      43      56      61    2105    7076 
  3830      452      22      31      38      39      46      45      29      49      40      41      44      34      48      51      42      50      46      50      72      64    1972    7147 
 28100      453      51      36      36      43      38      33      37      42      34      50      42      35      45      44      50      48      44      53      65      53    2015    7106 
 19539      456      31      26      33      42      31      37      29      39      39      47      36      33      51      55      48      50      36      49      48      46    1981    7213 
 22772      456      36      31      39      27      33      52      44      55      33      39      43      42      42      35      46      51      55      60      64      57    1980    7136 
 40055      456      36      45      32      40      36      47      37      40      39      55      37      53      47      36      48      49      33      59      72      66    2098    6995 
 64394      457      36      40      38      26      30      35      37      42      42      38      47      39      37      44      59      47      50      56      56      56    1945    7200 
 31187      462      43      51      41      35      41      33      57      54      51      53      59      53      53      51      69      62      61      71      76      56    2207    6723 
 20446      464      31      37      32      41      31      43      39      31      31      33      40      35      37      44      47      52      37      39      44      64    1863    7349 
 53934      464      36      39      58      43      48      50      51      61      46      40      50      55      53      57      57      59      65      62      64      61    2237    6708 
 17426      467      30      35      39      48      37      45      54      47      40      48      54      40      58      54      49      59      53      57      58      60    2262    6773 
 38554      471      38      41      34      43      46      34      42      43      39      52      31      42      43      47      39      44      59      50      61      52    2091    7029 
 39909      474      33      37      25      35      37      36      39      38      45      38      42      43      34      49      59      50      57      36      54      47    2013    7153 
 21220      476      37      40      40      53      56      38      50      46      50      43      54      47      43      52      64      64      53      44      50      65    2033    6978 
 52977      478      50      44      62      53      45      45      52      64      53      55      58      62      58      54      54      57      69      69      54      70    2223    6649 
  6551      479      39      55      41      35      34      61      44      44      49      41      49      53      40      52      51      53      50      51      65      60    2104    6929 
 14027      479      39      38      42      54      40      50      42      36      35      37      33      35      37      52      48      51      59      61      40      54    1982    7135 
  1750      481      30      41      40      38      38      41      38      37      45      42      37      44      32      52      52      51      51      49      44      54    1964    7180 
 38174      483      46      30      37      43      39      36      56      39      50      58      56      47      46      44      57      52      43      59      52      48    2183    6879 
 53983      488      44      41      47      46      28      38      49      56      54      55      53      60      54      51      47      60      58      60      76      51    2364    6608 
 12039      494      41      50      51      47      43      48      56      53      43      52      53      43      51      61      53      51      42      47      46      52    2100    6917 
 11684      495      53      49      51      46      62      49      45      54      54      43      55      44      62      51      50      65      52      52      77      40    2281    6665 
 21212      496      41      52      46      47      31      40      41      58      45      50      45      53      40      39      60      39      65      54      69      80    2174    6831 
 18481      497      41      46      48      41      46      43      51      47      40      51      48      44      47      43      50      50      57      46      35      60    2153    6913 
 13482      498      41      37      49      35      44      55      68      50      53      42      57      49      50      56      60      38      42      69      50      47    2192    6816 
 18846      503      54      58      40      56      52      47      57      53      46      46      57      43      71      74      60      77      65      72      69      69    2233    6601 
 19695      503      43      54      49      46      51      29      43      50      55      54      45      50      54      52      53      49      47      54      62      40    2055    6965 
  5017      505      48      47      41      48      59      36      49      55      50      46      53      51      55      56      49      55      52      51      48      72    2106    6873 
  9936      505      39      39      38      50      49      31      50      48      41      48      56      41      48      51      49      43      49      59      52      53    2056    7010 
 12799      506      42      52      59      40      48      37      48      53      43      44      63      42      44      50      47      40      41      52      62      38    1945    7110 
 35626      507      54      44      51      47      45      42      36      37      55      48      44      54      53      49      58      52      57      59      53      64    2177    6821 
 28670      508      62      66      61      48      52      53      62      60      54      59      67      59      55      67      56      49      61      69      78      55    2332    6475 
 28910      508      51      37      45      54      46      58      47      52      50      50      53      39      59      55      65      65      50      67      57      44    2150    6806 
 52621      509      53      52      36      64      69      50      55      57      54      50      56      56      50      58      58      60      67      72      53      43    2116    6771 
 16162      512      59      50      60      47      51      64      62      43      59      46      57      55      70      47      56      51      67      68      82      69    2358    6479 
 53207      512      41      41      32      53      41      43      43      46      56      37      55      51      62      52      59      52      44      44      48      57    2064    6979 
 37952      513      59      51      63      57      52      60      52      53      54      54      70      75      51      66      54      63      64      70      62      51    2337    6482 
 53488      518      60      52      63      52      71      44      54      53      62      51      62      58      40      60      55      52      57      78      49      54    2372    6501 
 31880      519      49      44      51      58      50      42      55      48      55      56      61      54      62      53      55      61      59      73      62      58    2143    6751 
  2246      520      46      53      56      47      50      41      48      52      50      60      64      51      45      49      53      54      59      51      46      46    2109    6870 
 11304      521      58      61      75      58      70      62      51      41      66      61      52      55      52      80      60      70      67      61      73      63    2343    6421 
 53298      521      48      49      56      54      29      55      60      55      58      47      52      57      57      44      51      53      51      54      51      55    2090    6874 
 29710      521      45      38      36      35      42      42      49      45      48      37      59      45      47      34      48      68      37      55      45      61    2102    6982 
  9803      523      46      46      45      54      55      43      57      53      55      44      49      45      53      48      43      41      60      58      54      60    2090    6901 
 11551      523      40      55      45      47      51      62      56      50      47      51      52      57      71      63      48      45      73      57      55      50    2130    6795 
 30452      524      50      62      50      52      51      42      46      41      43      51      48      60      45      54      63      51      41      58      47      42    2115    6888 
 38349      526      53      56      53      50      60      76      56      73      60      53      67      59      51      56      77      65      61      58      69      48    2423    6376 
 39883      526      70      57      54      53      56      72      57      46      46      63      52      44      68      70      67      57      74      62      62      62    2410    6398 
 34306      529      78      46      58      67      49      61      63      64      52      59      66      67      57      81      63      65      82      71      50      59    2336    6406 
  4622      532      61      46      44      54      62      48      47      56      60      45      46      54      58      51      61      51      50      51      50      38    2134    6833 
 37994      534      64      54      48      54      44      47      63      60      59      71      54      55      63      54      46      59      57      43      64      36    2096    6809 
 25544      538      69      65      64      64      62      71      51      58      59      68      67      74      78      73      69      84      60      68      72      69    2413    6242 
 23424      540      57      55      43      51      62      61      54      40      48      62      58      71      53      44      52      63      53      54      62      51    2171    6735 
 29637      542      44      56      58      60      38      51      54      60      61      48      54      58      45      61      60      60      52      46      46      59    2234    6695 
  4028      543      59      53      45      48      56      45      38      54      65      58      48      64      63      57      53      53      55      49      56      35    2104    6842 
 53348      549      63      61      65      67      71      63      60      83      67      77      65      77      67      70      74      71      60      62      56      45    2452    6224 
 20487      550      43      63      44      49      48      56      52      52      49      53      50      55      65      51      47      57      48      62      42      29    2166    6819 
 38471      550      54      52      74      44      51      49      48      59      49      65      58      64      46      56      37      58      54      66      42      39    2122    6813 
 26419      555      70      77      63      66      78      62      63      63      68      81      79      67      76      78      75      61      78      76      64      62    2458    6135 
 38265      557      71      60      62      52      58      68      59      58      70      68      60      75      76      64      57      57      57      58      55      61    2257    6497 
 11072      559      60      64      78      75      64      49      58      56      42      57      53      63      64      54      66      50      52      73      61      54    2165    6642 
 27862      559      63      66      71      53      69      68      54      58      67      55      54      54      58      60      68      63      71      63      63      36    2259    6527 
 67611      563      59      70      67      60      63      69      82      81      67      77      60      85      74      60      66      69      63      66      62      45    2476    6179 
 38695      565      62      50      63      74      70      63      49      64      75      74      65      55      63      72      59      61      62      59      69      46    2261    6484 
 26922      569      72      53      65      49      82      62      64      64      60      57      70      64      63      56      62      67      47      53      66      37    2339    6448 
 39248      572      54      49      57      49      60      61      53      53      67      67      52      69      62      58      50      66      66      46      53      40    2220    6648 
 68577      573      66      75      71      77      65      65      72      83      66      80      57      64      63      70      85      64      56      39      52      45    2447    6238 
 52852      578      75      54      77      69      53      86      68      59      55      68      69      71      50      68      67      67      76      62      55      41    2339    6371 
  6320      578      53      66      73      48      58      54      68      64      56      66      52      64      51      60      70      51      44      50      55      53    2245    6599 
  7286      578      66      56      60      67      69      56      80      56      59      70      50      75      58      53      71      85      52      65      63      58    2180    6551 
 37861      578      50      53      69      59      55      58      58      72      73      59      66      61      69      60      55      65      64      65      75      52    2213    6549 
 17046      581      61      63      59      57      70      63      67      63      70      54      50      72      64      55      45      46      52      61      43      46    2145    6694 
 35485      587      75      79      64      58      76      89      70      84      74      66      75      85      66      66      69      66      45      54      58      49    2322    6310 
 36269      587      75      77      84      99      89      73      78      69      69      81      81      62      77      66      71      81      76      64      52      49    2476    6051 
 53041      589      76      77      75      95      87      84      76      84      84      84      73      68      78      68      65      85      71      85      64      58    2485    5978 
 13656      591      75      78      88      65      86      80      88      69      74      84      79      84      67      70      78      61      78      73      63      54    2528    5978 
  1842      594      76      72      99      78      86      84      86      81      90      74      70      74      77      80      76      81      78      65      58      60    2471    5984 
 39701      597      73      75      73      59      69      67      60      66      64      64      64      72      69      53      44      54      55      62      51      44    2202    6560 
 10199      616      70      68      67      70      89      77      71      76      70      70      80      91      83      53      65      79      45      55      55      34    2346    6286 
  6759      617      68      81      74      78      87      84      67      87      77      72      67      45      70      80      67      65      64      64      52      52    2346    6253 
 42382      617      80      82      61      71      80      61      77      77      78      80      68      66      70      83      70      76      77      72      60      44    2341    6226 
 36954      618      84      76      77      86     101      92     108      71      83      85      81      76      91      82      77      65      75      64      65      41    2499    5921 
  4994      620     104      98      71      68      73      70      69      83      97      77      72      68      86      53      81      52      68      57      60      40    2364    6189 
 52647      620      71      73      90      65      87      87      74      61      79      72      67      78      69      86      75      76      83      67      48      41    2323    6228 
 34363      621      74      55      80      69      74      64      85      69      68      86      63      52      57      63      55      47      59      45      48      40    2295    6452 
  1701      627      84      74      69      91      81      78      74      99      80      86      90      77      81      67      73      69      54      58      58      46    2315    6196 
 17756      634      73      74      87      74      79      86      79      80      65      75      65      65      62      69      47      64      47      65      37      40    2335    6332 
 42051      635      67      87      66      78      73      68      73      76      84      67      55      62      62      66      59      59      51      52      43      31    2270    6451 
 17301      640      87      78      87      79      73      64      88      71      96      70      91      70      78      66      82      61      67      60      55      35    2336    6206 
  6791      643      76      90      89      91      85      80      58      94      97      68      84      72      69      68      79      67      58      57      54      39    2369    6156 
 53850      644      81      77      80      77      66      73      76      63      80      75      71      70      81      71      63      72      61      57      40      57    2322    6287 
  5751      645      80      90      62      85      90      69      62      74      65      76      68      72      71      46      75      65      65      54      37      31    2377    6286 
 24208      647     100      84     115     103     100      95     103     100      86      84      95      86     100      77      92      79      92      50      62      45    2595    5657 
 23242      650      91      74      75      90      84      84      73      85      86      69      97      92      96      78      84      77      63      63      54      36    2256    6193 
 21287      651      84      93      82      91      90      84      76      95      89      78      75      82      88      72      72      67      61      59      61      24    2261    6216 
 33472      653      70      85      83      70      88      92      77      72      84      94      63      76      76      74      77      65      71      50      51      39    2197    6346 
  5850      655      64      82      96      66      67      78      71      81      71      85      78      71      89      60      67      49      63      44      49      30    2319    6320 
  4143      662      87      94      98      89      82      94      80      89      89      88      82      82      75      82      77      72      65      65      51      32    2474    5953 
 34272      664      86     126     100      93     105      88      91      93     111      95      92      91      63      94     103      84      87      64      54      33    2470    5777 
 16345      665      86      85      77      99      97      84      78      77      75      70      71      68      80      73      57      62      59      52      37      44    2317    6252 
 28712      669      86     111      88      77      89      97      90      87      70      83      84      67      70      72      68      59      62      51      48      31    2303    6207 
 18507      674     101      97      87     113      86      89     118      92      83      86      83      81      79      69      86      71      47      43      54      35    2399    6001 
 52696      675     106      82      76      81      87      76      84      59      67      73      68      62      68      68      61      63      62      52      43      41    2365    6256 
  4127      678     135     115     109     129      83     102     108     104     105     108     101     102      88     104      74      68      73      72      61      29    2592    5538 
 22947      683      89      91      90      89     108      92     102      79      82      79      69      79      67      90      66      51      67      60      38      42    2287    6183 
138198      685      98     105      98      91     102     103      88      99     116      99      87      97      75      83      79      77      53      72      51      36    2415    5876 
 52878      686     101     101     107     100     106      92     100      88      91      83      97      88      68      74      68      65      86      60      49      39    2375    5962 
 28373      688      91      90     102     108     108     102      95      88      76      81      91      87      74      86      88      67      64      69      58      37    2505    5833 
 52803      693     110     112     102      89      90      93      89      92     101     107      92     104      79      67      79      64      71      64      50      32    2447    5866 
  8300      695      89      86      89      71      81     109      97      80      63      90      77      74      63      68      74      55      60      47      45      37    2371    6174 
 38653      712     121     115     104     135     122     124     129     107      95      96     110     100      80      83      83      60      64      60      58      30    2678    5446 
 53371      723     136     120     113     113     116     110     107     101     110     108      91      84      82      82      89      79      70      70      50      34    2337    5798 
 53439      725      86     114     113      96      80      91      93      92     110      79      84      76      81      74      78      69      50      64      41      34    2324    6071 
 20255      727     138      99      99     101     113      87      98      79     111     102      73      62      84      88      63      73      58      60      41      36    2379    5956 
147538      742     121     114     108     119      83     102      96      87     114      98      92      83      95     102      71      66      63      49      48      29    2412    5848 
  2675      742     133     145     127     134     135     131     142     110     108     122     122     101     111     105      88      84      81      59      42      31    2622    5267 
  4812      776     153     140     160     150     139     137     143     115     135     114     112     132      98      89      88      86      82      83      57      37    2654    5096 
  1792      783     190     148     154     147     158     136     125     130     152     130     108     108      95     100      94      88      73      57      61      48    2621    5077 
 36897      786     142     126     153     145     129     143     152     121     112      91     107      87     105      99      87      72      63      63      52      21    2573    5357 
 53587      893     198     168     200     150     158     192     164     149     145     137     129     111     101      92      72      80      66      72      37      22    2452    5105 
 52720      933     227     207     212     198     172     187     160     165     131     141     138     121     105     118      82      83      67      64      39      23    2533    4827 
