  4184      279       3       7       4       9       5      11      10      17      11       9      10      12      15      12      18      10      23      29      37      70    1312    8366 
 14092      279       8       7       8       6       6       6      12       4      11      12       9       9      12      17      18      19      21      29      25      65    1281    8415 
  2782      283       8       5      12       6      16       7      10       7      10       9      13       6      15      14      21      18      19      27      29      45    1497    8206 
 52662      285      11       9       9      19      11      15       9      17       6      11      19      18      12      23      21      22      17      23      37      65    1426    8200 
 29991      292       9      13      11      14       6      14      12       5      12      18      16      17      15      28      23      15      25      32      33      58    1470    8154 
 10769      310      12      18      18       8      11      18      17      16      15      15      16      27      10      21      19      27      30      23      35      57    1540    8047 
   752      311       9      11       7      11      15      10      17       9      15      15      17      16      27      12      18      26      31      33      43      47    1577    8034 
 27771      318      12       9      16       9      24      14      19      23      18      10       8      22      22      24      21      21      22      33      32      60    1656    7925 
146480      319      15      21       7      21      16      14      22      14      16      16      17      19      29      22      27      27      23      37      49      49    1555    7984 
  2139      324      11      12      17      10      14      19      11      11      16      15      15      21      16      19      18      22      38      36      36      45    1459    8139 
 37663      327      11      11      16      23      20      14      18      16      15      17      23      15      21      21      18      35      28      32      53      59    1612    7922 
 27888      331      13      11      12      16      16      19      20      12      19      21      17      19      14      16      27      27      29      32      38      68    1602    7952 
 37671      331      11      17      21       9       9      19      10      17      11      19      23      22      15      22      24      23      28      29      40      60    1598    7973 
 30304      337       6      14      14      15      13      10      15      20      27      19      21      29      20      24      28      30      31      32      45      65    1622    7900 
 36582      342      21      17      10      20      16      22      15      22      22      18      22      22      22      22      20      24      30      38      38      63    1616    7900 
 33282      343      16      16       9      18      18      29      18      15      14      23      29      16      23      17      23      25      27      30      46      61    1537    7990 
 13110      345      14      13      25      14      22      17      12      15      24      23      21      29      25      28      22      32      38      41      35      61    1571    7918 
 13243      352      14      19      14      16      12      13      24      20      23      31      29      29      21      33      29      28      27      34      44      37    1602    7901 
 27854      352      17      20      12       9      14      14       8      12      14      18      26      31      19      19      24      32      41      28      43      50    1590    7959 
 26229      354      13       2      13      23      16      17      15      13      20      12      23      25      29      14      30      33      30      39      33      59    1531    8010 
   935      357       7      14      22      24      15      21      18      16      21      20      23      21      15      24      31      28      38      32      33      49    1483    8045 
  9779      357      19      18      11      17       9      12      22      22      11      18      25      12      22      26      15      21      25      31      36      64    1493    8071 
 30585      357      16      12      10      21      20      15      19      13      22      24      30      23      26      25      28      26      27      32      47      70    1634    7860 
  6312      359      12      12      18      20      24      15      23      18      25      15      22      20      22      26      19      30      27      28      41      40    1554    7989 
 31732      360      18      10      23      13      19      19      18      14      16      23      27      22      27      19      39      31      36      50      43      43    1591    7899 
  8995      362      15      13      15      10      19      22      23      23      17      21      25      27      26      36      16      41      22      30      47      59    1649    7844 
  3863      366      18      14      19      20      13      18      16      13      19      17      26      19      24      19      20      33      27      27      36      49    1418    8135 
 24984      366      16      13      18      19      15      22      27      33      23      24      32      27      26      22      22      33      36      26      42      63    1694    7767 
 28779      366      19      11      23      15      22      17      12      22      27      24      21      18      23      22      38      36      28      44      45      56    1699    7778 
  4507      371      21      21      21      27      17      14      15      23      27      23      29      25      36      32      26      31      34      36      49      69    1787    7637 
  5819      372      25      20      25      18      21      21      21      22      20      19      24      21      27      34      40      32      37      36      47      61    1833    7596 
 11171      372      31      19      11      22      17      17      18      19      22      29      20      26      29      24      34      15      39      39      48      57    1634    7830 
 20420      372      17      19      16      11      14      22      15      15      22      21      20      27      28      24      22      25      41      37      44      68    1506    7986 
 41319      372       9      18      17      22      14      17      24      17      27      29      29      30      17      36      25      40      37      51      56      54    1670    7761 
 10041      375      17      13      24      30      17      15      29      15      26      28      27      27      31      28      25      22      35      51      54      56    1806    7624 
 26393      378      16      20      19      31      24      24      28      27      23      19      19      28      29      21      31      31      37      45      32      70    1648    7778 
  7211      379      21      23      25      17      20      19      24      21      29      26      30      25      29      30      29      34      39      35      42      61    1648    7773 
 35170      382      14      18      26      28      16      30      16      30      27      18      31      38      27      34      37      32      31      34      44      60    1683    7726 
 17194      385      18      21      23      25      31      22      23      18      24      31      26      22      28      17      27      32      46      48      39      47    1783    7649 
  2840      390      17      22      21      26      23      25      22      11      25      28      20      30      34      38      26      46      42      58      49      65    1731    7641 
 38414      390      22      22      15      22      19      27      26      36      20      20      22      21      23      26      28      31      37      55      45      53    1691    7739 
 28860      392      21      23      16      17      20      25      22      20      24      18      22      29      34      26      38      36      45      34      40      44    1606    7840 
 37564      392      20      19      24      23      24      27      26      22      22      29      32      28      29      41      46      29      30      41      50      61    1870    7507 
 24372      394      25      27      20      25      29      25      32      21      29      27      27      24      26      32      44      33      41      39      55      69    1896    7454 
 19364      394      18      21      19      33      25      27      31      21      32      33      30      29      44      28      26      34      40      46      53      65    1867    7478 
 22418      395      30      22      24      21      23      31      28      26      36      29      30      27      34      29      20      32      36      46      56      56    1774    7590 
   562      398      26      22      23      23      22      24      30      33      28      27      36      34      25      35      38      40      46      52      55      61    1814    7506 
  6635      399      23      17      27      18      26      28      24      23      25      20      23      28      36      26      26      39      48      42      41      65    1897    7498 
  7724      400      25      22      21      30      20      34      31      27      31      27      36      35      44      40      39      31      40      44      53      67    1872    7431 
 40261      402      18      15      19      17      23      17      28      23      31      25      29      24      22      20      31      29      35      30      46      50    1756    7712 
111138      403      19      20      22      21      27      26      20      34      19      30      24      19      24      38      34      35      43      43      53      67    1748    7634 
 38042      404      22      27      24      23      21      20      21      20      27      28      29      54      24      29      38      42      43      42      55      67    1810    7534 
 18960      407      15      24      29      18      18      26      26      31      23      26      30      36      17      38      37      30      36      27      37      49    1707    7720 
 30569      407      18      16      26      22      30      15      30      25      23      26      31      25      31      40      30      32      36      37      46      56    1592    7813 
 11114      408      25      13      26      22      20      23      25      18      26      26      25      35      27      29      43      44      43      39      40      62    1731    7658 
 27763      409      23      22      26      19      29      27      20      30      31      42      34      38      30      43      33      32      39      47      55      54    1927    7399 
 40931      413      31      28      33      24      30      27      22      32      34      27      32      34      40      46      39      44      42      51      50      42    1798    7494 
  2436      414      23      21      28      25      32      18      13      28      26      30      25      24      30      30      33      33      29      31      43      42    1643    7793 
 23036      414      21      23      17      31      32      37      33      32      26      35      30      35      32      41      34      52      47      36      54      59    1908    7385 
 21956      415      25      35      30      23      19      39      29      38      42      40      24      34      39      35      45      43      39      56      73      53    1866    7373 
 28183      415      25      20      32      24      23      21      26      37      22      26      17      35      22      35      40      41      33      32      44      50    1675    7720 
 37846      416      26      30      24      33      31      34      32      27      32      37      26      41      35      34      35      38      53      48      49      72    1908    7355 
 41202      423      20      25      33      36      35      28      27      29      26      40      31      38      40      39      40      29      43      48      48      58    1850    7437 
 19661      424      33      30      29      16      22      37      32      20      39      40      42      37      35      36      36      43      40      62      62      80    1874    7355 
 23960      424      38      27      19      31      26      26      19      33      35      36      31      46      35      32      43      42      47      39      51      61    1756    7527 
 98590      427      37      34      30      38      35      25      33      29      33      25      35      31      37      50      40      36      38      39      52      56    1881    7386 
  6528      427      20      21      14      29      23      37      39      27      27      28      35      44      38      37      31      28      40      35      44      50    1778    7575 
 27896      427      23      36      33      34      23      37      34      26      33      27      26      29      23      35      38      43      41      49      51      59    1908    7392 
 17905      431      24      33      27      17      25      29      31      32      31      40      51      35      24      38      36      42      52      43      50      51    1891    7398 
  2568      432      35      30      23      22      35      28      27      36      42      34      40      34      34      42      55      41      50      49      49      48    1995    7251 
 12773      432      25      42      31      25      34      39      30      31      19      31      29      40      31      34      39      38      43      57      52      48    1815    7467 
 34256      432      27      39      28      29      32      26      35      28      37      27      37      26      35      36      43      44      63      51      55      67    1897    7338 
 17343      433      36      30      34      32      31      39      26      38      27      31      39      46      32      40      37      43      57      51      52      69    1945    7265 
 32763      436      26      24      33      28      23      32      30      28      36      32      39      44      41      41      48      47      46      48      33      57    1937    7327 
 40683      443      32      39      23      33      26      41      44      34      38      31      35      37      36      44      39      45      38      43      65      62    1895    7320 
 25056      447      23      35      43      31      34      32      20      26      37      28      39      30      41      36      44      33      37      49      49      46    1860    7427 
  3830      452      33      23      32      33      26      34      33      29      24      38      40      32      40      36      29      33      37      62      44      46    1846    7450 
 22772      456      29      30      38      27      21      36      22      33      39      29      43      37      45      38      35      45      47      42      59      50    1732    7523 
 40055      456      30      32      47      46      37      41      36      63      38      33      42      59      44      55      48      47      55      49      42      59    2008    7089 
 64394      457      36      28      27      32      39      30      36      44      46      35      40      41      44      44      48      45      48      47      56      56    1999    7179 
122697      459      33      23      18      23      27      40      26      38      35      26      53      39      26      41      33      38      40      48      45      50    1776    7522 
 31187      462      28      34      32      41      36      41      37      34      42      38      43      39      31      43      45      39      65      52      63      46    2012    7159 
 36301      462      37      48      33      39      31      34      43      41      45      45      37      42      47      50      51      55      39      54      49      64    1937    7179 
 53934      464      28      47      29      32      20      44      33      34      41      29      45      42      40      31      38      51      42      47      58      50    1853    7366 
 17426      467      45      32      46      35      35      41      34      43      40      42      37      50      39      74      50      45      47      61      57      58    1978    7111 
 38554      471      27      34      27      24      42      42      42      46      49      42      46      44      47      47      44      54      51      63      42      42    1811    7334 
 39909      474      32      36      45      41      33      49      42      40      44      46      43      36      37      51      49      46      48      46      63      66    1954    7153 
 21220      476      41      41      31      40      38      42      27      39      40      42      38      46      38      34      54      58      54      48      65      55    2067    7062 
 52977      478      32      38      34      29      44      28      48      36      34      30      33      51      41      33      37      51      32      47      39      47    1806    7430 
  6551      479      25      39      34      40      47      34      23      47      28      32      48      47      42      44      45      39      41      38      47      56    1960    7244 
 14027      479      34      28      43      34      35      33      38      26      42      43      34      45      45      52      38      41      50      47      60      59    1784    7389 
  1750      481      28      32      31      41      41      36      57      51      49      35      45      49      45      63      52      52      51      58      70      50    2052    7012 
 38174      483      40      27      41      36      26      45      49      35      32      35      40      42      51      36      53      42      60      43      49      43    2020    7155 
 64865      488      30      32      35      41      43      43      42      35      40      33      31      44      46      33      43      41      47      37      42      56    1822    7384 
 12039      494      42      40      44      34      55      33      54      52      54      42      38      40      39      53      62      48      57      63      65      66    2092    6927 
 11684      495      39      37      34      42      48      42      37      53      46      57      34      37      46      52      54      52      52      67      67      47    2042    7015 
 21212      496      27      40      47      30      41      51      40      38      39      41      44      42      43      51      51      45      45      47      52      58    1918    7210 
 18481      497      39      48      51      49      44      45      45      53      48      39      46      56      46      55      59      46      47      47      48      56    2049    6984 
 13482      498      44      37      54      39      51      45      42      54      45      49      44      54      41      63      60      41      45      48      57      49    2194    6844 
 15792      502      44      34      34      45      39      39      43      48      40      50      41      49      54      59      45      52      55      51      69      62    2177    6870 
 18846      503      43      37      43      47      39      33      32      50      39      37      35      46      45      53      59      56      64      54      49      62    1974    7103 
 19695      503      39      45      52      40      44      47      47      28      43      37      52      51      50      51      55      59      46      45      48      49    2054    7018 
  5017      505      41      38      42      42      37      34      46      42      43      37      44      44      46      54      48      53      36      47      54      56    1849    7267 
  9936      505      44      42      44      54      48      49      46      35      54      66      50      45      46      57      61      52      48      68      52      59    2062    6918 
 12799      506      28      37      54      38      40      49      54      38      41      55      44      53      42      46      51      44      47      40      57      56    2094    6992 
 35626      507      33      51      41      41      30      37      44      51      42      41      59      39      60      45      49      57      55      62      57      53    1976    7077 
 28670      508      38      35      46      52      38      37      41      43      51      39      49      39      47      55      37      51      44      46      53      37    1811    7311 
 28910      508      30      31      31      47      48      39      48      40      34      50      39      49      55      47      50      56      62      56      51      52    2015    7070 
 52621      509      28      30      41      46      54      51      33      55      51      54      52      55      51      54      56      54      53      65      73      50    2104    6890 
 31872      510      32      38      37      46      60      39      43      36      49      47      56      43      48      41      51      49      60      48      57      40    2063    7017 
 16162      512      46      37      27      50      39      51      44      47      44      41      45      52      44      52      52      52      45      55      58      51    1893    7175 
 53207      512      51      24      39      57      41      41      43      42      43      41      61      37      63      58      51      55      39      57      50      55    2167    6885 
 37952      513      49      47      35      39      36      49      40      49      41      64      41      44      55      43      53      51      53      47      46      55    1987    7076 
 39263      513      25      31      32      45      42      38      41      48      42      32      41      42      48      45      42      52      45      53      52      44    1846    7314 
  6734      518      44      48      40      39      54      41      49      58      52      45      49      42      61      46      51      57      50      56      52      50    2021    6995 
 53488      518      34      47      38      30      40      37      39      36      52      42      51      38      37      51      56      50      44      46      42      54    1874    7262 
 31880      519      45      33      42      55      60      45      42      34      55      47      46      56      51      42      38      51      42      49      44      51    2109    6963 
  2246      520      42      46      45      37      48      34      41      46      47      60      40      50      37      46      46      55      52      42      54      47    2005    7080 
 11304      521      57      51      41      50      49      43      55      41      55      59      53      51      50      61      63      56      58      55      51      57    2179    6765 
 53298      521      49      43      55      54      51      49      56      49      37      55      66      48      53      58      58      65      53      60      58      58    2148    6777 
 29710      521      52      53      48      46      32      37      48      55      52      55      51      51      48      41      50      39      53      48      50      45    1958    7088 
  9803      523      48      54      39      46      48      52      32      47      53      51      51      40      41      44      68      57      53      51      51      41    1982    7051 
 11551      523      54      46      42      41      63      47      43      46      41      49      50      46      58      44      57      51      60      60      50      40    1910    7102 
 30452      524      41      50      46      36      39      37      57      47      53      62      49      57      59      39      58      58      38      49      49      59    2098    6919 
 38349      526      47      49      44      38      41      46      46      45      40      51      58      43      73      43      42      65      59      65      65      41    2055    6944 
 39883      526      39      56      52      39      46      47      58      50      47      56      42      55      39      53      47      44      46      54      40      45    1862    7183 
  9084      527      42      53      44      42      43      45      62      46      45      46      38      71      48      44      45      53      52      55      50      38    2028    7010 
 34306      529      50      37      46      55      44      55      58      74      56      55      64      52      55      66      58      66      53      38      60      51    2194    6713 
 24117      531      54      52      46      49      51      49      45      47      47      47      46      43      46      47      40      53      49      58      46      48    1940    7097 
  4622      532      42      54      47      49      45      62      47      38      39      41      45      47      51      48      34      45      62      54      49      34    1779    7288 
 30841      532      55      49      45      53      49      54      63      56      60      47      61      60      62      64      49      48      50      59      57      46    2185    6728 
 37994      534      44      54      64      50      54      64      60      44      51      64      54      63      66      55      59      55      47      67      80      55    2101    6749 
 25544      538      39      41      44      45      54      51      50      32      44      55      54      38      58      47      60      47      47      48      32      51    1790    7273 
 23424      540      57      55      46      43      66      45      37      53      62      47      49      60      53      39      47      44      50      49      48      44    1932    7074 
 29637      542      60      46      47      40      48      56      48      59      52      47      64      55      40      45      55      51      49      52      47      59    1915    7065 
  4028      543      57      60      52      57      54      45      57      61      45      51      58      62      55      65      48      56      47      56      55      46    2110    6803 
 53348      549      60      47      57      54      50      52      69      50      55      47      49      57      50      59      64      48      55      68      44      51    2265    6649 
 20487      550      55      56      49      63      44      52      56      56      56      57      53      67      62      53      57      68      50      47      53      48    2031    6867 
 38471      550      48      38      55      50      43      41      58      52      51      71      63      58      55      46      49      60      51      44      54      44    2069    6900 
 26419      555      50      50      50      50      60      49      50      61      67      60      51      52      55      54      59      54      44      68      40      53    1960    6963 
 38265      557      65      53      57      56      59      52      52      58      49      71      65      61      57      59      67      62      60      44      50      49    2213    6641 
 11072      559      43      47      40      49      45      55      34      45      46      42      54      44      60      48      53      54      57      44      47      44    1870    7179 
 27862      559      50      51      49      55      50      42      62      45      65      50      50      51      72      55      64      64      58      52      51      36    1976    6952 
 67611      563      40      65      60      57      53      56      52      55      56      47      56      49      57      41      47      43      66      61      34      38    2085    6882 
 38695      565      37      52      56      54      59      52      38      72      68      57      52      49      51      45      61      48      52      55      61      42    2031    6908 
 26922      569      53      54      41      47      61      59      61      55      54      61      56      58      68      57      53      59      61      60      59      31    2109    6783 
 39248      572      57      52      41      50      52      55      67      55      51      62      59      53      58      37      66      62      54      51      56      28    1898    7036 
 68577      573      56      51      61      65      58      48      53      54      54      64      70      65      54      58      58      67      54      47      55      36    2112    6760 
  6320      578      43      58      43      50      71      54      47      47      63      62      42      58      51      63      49      51      56      53      55      42    1973    6969 
  7286      578      59      46      64      66      55      63      65      67      61      80      57      68      65      57      68      56      75      57      50      50    2174    6597 
 37861      578      64      64      66      63      44      51      51      60      51      58      58      53      71      65      69      55      74      62      44      48    2053    6776 
 17046      581      54      58      51      61      52      54      58      59      55      60      52      50      53      62      52      51      58      49      54      47    2065    6845 
 35485      587      73      72      53      71      73      44      40      81      62      55      74      58      73      55      65      54      63      69      43      40    2236    6546 
 36269      587      70      58      64      65      61      65      63      64      69      60      51      64      42      42      51      46      54      45      49      37    2060    6820 
 53041      589      50      58      54      48      59      47      60      65      68      44      55      54      58      57      58      50      53      52      39      46    1891    7034 
 13656      591      50      68      60      47      57      49      49      56      64      54      63      57      66      68      55      67      50      54      54      45    2002    6865 
  1842      594      52      80      69      72      62      62      64      65      60      68      64      69      73      53      59      68      56      56      58      38    2256    6496 
 39701      597      76      56      66      77      56      71      69      72      80      72      64      55      80      75      69      78      58      72      57      47    2302    6348 
 10199      616      80      60      63      67      66      71      67      60      75      77      64      59      71      73      72      72      54      61      59      38    2230    6461 
  6759      617      74      61      58      61      76      64      69      71      75      62      59      68      48      51      60      65      59      55      49      42    2121    6652 
 42382      617      64      60      62      75      60      54      56      54      66      64      54      48      81      71      65      59      45      41      66      36    2099    6720 
 36954      618      69      58      68      61      64      73      66      67      74      58      69      61      59      78      51      68      60      63      59      39    2052    6683 
  4994      620      66      79      77      61      76      69      93      70      80      72      58      61      59      77      59      76      66      67      52      42    2250    6390 
 52647      620      81      86      67      68      67      84      65      77      75      80      69      80      86      80      69      83      69      71      54      45    2246    6298 
 34363      621      59      87      79      76      77      55      69      82      66      62      59      59      73      68      65      48      52      54      45      36    2170    6559 
  1701      627      66      71      81      73      75      69      71      64      67      75      77      66      83      80      70      68      60      81      51      43    2283    6326 
 17756      634      78      76      82      52      69      82      74      70      66      63      45      66      66      68      64      68      61      69      53      53    2203    6472 
 42051      635      75      69      60      79      54      76      70      70      61      71      77      60      68      72      68      73      55      58      57      47    2164    6516 
 17301      640      57      76      57      62      61      63      70      67      65      67      61      84      66      68      55      56      48      56      45      35    1970    6811 
 53850      644      72      97      81      87      73      62      81      83      56      91      58      70      75      74      66      47      77      64      58      38    2199    6391 
  5751      645      82      71      66      55      72      92      75      72      56      58      59      73      66      72      68      62      62      55      46      31    1931    6776 
 23838      645      67      77      67      65      90      81      82      70      75      78      67      71      63      63      66      57      76      61      57      36    2270    6361 
 24208      647      87      64      77      69      65      76      79      77      72      84      88      76      49      65      64      59      62      52      60      36    2302    6337 
 21287      651      62      74      78      85      83      85      76      89      79      79      95      70      71      68      81      73      70      58      46      41    2268    6269 
 33472      653      78      76      77      87      77      90      85      76      77      84      62      77      79      72      75      65      51      51      50      49    2305    6257 
  5850      655      76      81      76      79     113      82      82      82      73      69      62      77      61      82      72      62      75      45      45      29    2176    6401 
  4143      662      83      89      77      78      77      76      82      66      70      81      87      57      81      77      74      62      63      49      46      36    2047    6542 
 34272      664      88      88      76      90      74      99      95      87      79      73      87      92      85      69      76      70      64      59      46      54    2189    6260 
 16345      665      79      66      70      89      69      68      76      86      72      62      83      83      84      77      72      73      54      61      43      26    2145    6462 
 28712      669      80      73      82      75      75      74      80      83      81      87      63      71      77      78      64      59      49      51      57      28    2154    6459 
 18507      674      95      71      92      83      88      95      90      78      78      86      77      86      79      69      63      73      56      45      46      34    2358    6158 
 52696      675      92      91      93      75      76      72      75      72      79      89      80      69      77      80      76      60      63      44      50      29    2362    6196 
  4127      678      97      95      84      89      94     102      92      84      77      92      80      87      71      61      68      66      71      58      44      37    2261    6190 
138198      685      73      75      85      85      90      97      68      78      87      81      74      83      71      70      57      74      54      54      46      35    1924    6639 
 52878      686     106      79      92      81      98      94      71      98      85      72      82      72      86      84      71      70      60      59      41      31    2165    6303 
 36020      687      90      91      83      97      97      94     102      69      92      93      90      62      81      89      72      68      73      55      48      36    2322    6096 
 28373      688      90      70      64      88      79      70      89      76      75      70      76      75      63      66      64      67      59      52      49      28    2083    6547 
 38653      712     105      94      90      80      89      89      92      88      78      77      88      70      75      74      82      50      64      65      33      32    2203    6282 
 53371      723     108     130     115     100      96      99      99     112     104      96      89      77      85      83      80      73      65      63      38      31    2430    5827 
 53439      725      94     108     104      92      91      92      88      87      91      72      79      94      81      77      79      56      64      57      51      42    2300    6101 
 20255      727      90      89      94     105      82      89     105     107      95     100      85     104      83      80      83      69      79      53      51      35    2365    5957 
 24414      732      90     105     102      99     101      86      97      85      92      86      78      80     104      95      86      76      69      60      43      35    2285    6046 
  5207      735      96      83      85      99     101      82      76      80      96      99      79      75      68      67      57      64      79      51      45      23    2075    6420 
147538      742     109     112     110      83      87      86      90     105      71      84      87      83      73      65      66      77      65      62      39      28    2146    6272 
  2675      742     102      97      92     100      99      89     107      90      78      90      78      90      77      74      91      84      82      48      41      26    2225    6140 
 66795      745     113     108     110     112     101     109      99      88      90      93      84      81      88      76      88      80      61      61      40      26    2261    6031 
 37291      752     120     102     100      98      99     106     101      98      91     101      94      86      79      82      73      74      72      59      46      33    2342    5944 
 27995      758     113     112     129     126     107     102     109      93      89      81      91      87      73      88      72      75      52      53      41      18    2162    6127 
  4812      776     124     120     106     101     106      91      87      87     102      89      92      79      72      92      73      74      56      54      49      25    2141    6180 
  1792      783     102     102     126      90     112     124     113     105     101     102     113      76      70      57      70      73      74      68      40      32    2141    6109 
 36897      786     125     118     139     136     110     107     114     119     125     105      98     104     103      98      68      68      90      63      42      29    2461    5578 
139311      809     159     106     145     142     139     134     130     115     122     117     109      92      95      82      83      77      53      46      51      38    2385    5580 
 32243      872     158     154     130     144     138     151     132     122     106     118     112     105     100      88      70      81      67      49      38      22    2251    5664 
 53587      893     156     171     136     168     153     141     135     148     131     126     126     120     105      88      85      85      55      43      33      24    2487    5284 
 52720      933     181     192     178     155     173     162     138     144     140     120     123     129     126      95      74      65      64      51      47      18    2178    5447 
 16941     1544     502     495     498     390     386     313     287     277     237     192     180     127     117      75      68      49      38      21      11       2    2087    3648 
