 52662      285       7       9      15      11      15      12      13      10       9      10      10      15      26      16      16      16      21      21      24      43    1419    8262 
 10769      310       8       9      11      10      13      11      25      10      11       7      15      11      18      27      17      22      26      32      43      35    1477    8162 
 32607      314      17      11      16      11      11      14      13      17      14      16      19      21      22      13      21      30      25      28      40      45    1545    8051 
   119      317      23      17      17      11       9      11      12      22      21      28      24      20      16      21      17      24      26      29      41      61    1643    7907 
 10439      323      10      14      12      14      22      11      17      16      17       9      23      14      23      28      24      28      40      31      37      73    1544    7993 
 27888      331      19      10      18      12      21      14      15      14      13      16      26      20      15      27      23      29      28      32      39      59    1607    7943 
 37671      331      17      12      13      18      12      10      15      13      16      12      22      18      22      28      25      29      30      30      42      51    1627    7938 
 11995      336       8      17      19      14      23      10      12      18      23      25      19      22      28      17      25      29      41      26      36      65    1638    7885 
 30304      337      14      13      19       9      21      14      17      18      15      22      18      18      26      22      26      33      20      32      50      62    1686    7845 
 16886      342      17      14      13      16      20      18      22      26      22      21      31      16      31      25      30      32      31      33      48      64    1763    7707 
 36582      342      19      17      16      17      15      20      24      18      23      21      26      16      22      30      25      33      30      27      56      63    1655    7827 
 13110      345      12      13      14      17      19      21      20      20      15      17      25      26      26      28      27      24      35      32      52      70    1693    7794 
 29454      346      17      18      21      12      16      23      28      18      18      26      18      32      33      32      33      40      44      39      56      79    1762    7635 
 13243      352      16      17      25      15      17      19      10      27      14      18      18      26      26      23      26      25      25      39      44      63    1841    7666 
 27854      352      13      17      12      19      11      14      19      18      18      24      28      14      17      31      20      22      23      44      39      52    1653    7892 
  9779      357      18      14      20      25      15      20      22      22      22      22      24      20      22      26      40      34      40      41      48      55    1732    7718 
 30585      357      19      18      16      22      16      18      24      16      23      21      22      22      25      19      35      41      28      33      39      65    1750    7728 
  6312      359      12      19      14      12      15      16      18      22      15      18      16      23      22      17      27      22      28      31      49      54    1440    8110 
 31732      360      23      20      20      23      19      24      21      19      31      39      19      28      31      22      26      39      23      38      47      70    1826    7592 
 38760      361      18      13      15      16      20      23      23      22      20      20      19      24      18      34      35      31      34      51      43      66    1745    7710 
  8995      362      19      27      11      19      25      23      18      28      25      18      26      25      31      28      24      32      37      26      53      71    1807    7627 
 11668      363      23      15      19      30      22      18      33      29      26      24      24      27      23      23      34      37      41      63      56      79    1840    7514 
  3863      366      20       9      27      24      19      30      22      16      17      20      21      27      35      33      32      30      35      42      49      63    1663    7766 
 24984      366      16      26      14      23      17      24      23      23      33      34      28      40      39      30      36      35      41      45      48      90    1841    7494 
 28779      366      16      16      14      16      17      25      20      15      19      23      21      23      14      24      30      25      29      29      50      66    1473    8035 
  4507      371      16      23      23      27      29      27      26      24      25      21      30      23      28      30      35      29      27      35      51      63    1806    7602 
  5819      372      15      24      22      22      24      17      24      37      20      17      27      25      26      28      35      31      24      43      54      58    1722    7705 
 11171      372      22      23      20      23      17      30      16      29      27      25      32      29      30      23      37      49      36      45      42      84    1761    7600 
 20420      372      18      21      19      28      16      27      22      21      22      35      34      32      34      25      41      40      24      29      51      56    1837    7568 
 41319      372      18      14      24      16      23      21      24      21      12      15      33      23      20      20      46      25      29      39      44      56    1680    7797 
 10041      375      26      27      19      28      28      24      26      20      30      23      28      26      24      34      24      45      30      47      50      53    1710    7678 
 26393      378      32      21      22      23      22      21      22      30      31      30      18      34      41      38      31      39      41      48      51      68    1878    7459 
  7211      379      21      20      18      20      23      20      19      22      19      26      18      32      32      18      28      26      41      45      38      53    1850    7611 
 35170      382      22      15      25      30      18      27      25      28      33      41      31      25      29      46      42      31      46      47      53      64    1951    7371 
 17194      385      22      22      30      23      26      27      26      31      21      28      24      28      38      32      39      51      49      47      54      78    1761    7543 
 38836      386      19      23      24      20      25      27      24      21      23      31      30      34      25      30      37      28      44      30      54      70    1910    7471 
 38414      390      29      24      27      18      16      23      15      29      29      35      25      26      39      31      31      28      46      46      50      47    1805    7581 
 28860      392      30      25      30      18      29      25      27      32      36      29      49      38      30      39      41      54      36      38      53      71    1806    7464 
 37564      392      27      23      16      25      24      21      23      27      28      33      33      42      36      24      38      36      49      49      61      55    1842    7488 
 19364      394      11      29      30      23      32      30      30      25      18      31      26      26      33      28      40      43      42      48      45      62    1820    7528 
 19216      395      26      24      33      26      44      33      26      31      42      30      26      27      37      27      25      35      51      49      45      71    1860    7432 
   562      398      22      23      19      26      22      20      27      21      25      35      24      33      25      25      47      40      35      48      53      53    1694    7683 
  6635      399      30      26      33      29      28      29      24      28      24      23      28      28      33      32      35      38      34      41      44      47    1638    7728 
  7724      400      28      32      27      26      33      29      22      39      34      28      39      43      31      39      39      54      44      48      51      67    1907    7340 
 33563      401      30      18      29      33      27      45      31      42      35      33      30      36      30      39      33      50      36      52      51      68    1853    7399 
  2576      403      19      22      24      29      32      19      26      25      22      36      24      25      33      25      44      37      38      49      62      55    1665    7689 
111138      403      32      19      24      37      35      43      21      34      36      31      28      37      36      41      30      39      44      41      41      68    1888    7395 
 38042      404      38      34      31      29      31      26      27      23      23      39      29      32      48      47      35      40      42      56      55      67    1928    7320 
 18960      407      20      24      31      23      31      34      39      29      31      33      28      38      33      37      41      39      56      45      69      76    1907    7336 
 30569      407      28      29      31      30      34      18      28      27      27      42      33      41      35      44      47      46      42      49      46      61    1888    7374 
 27763      409      23      33      37      31      29      19      36      28      25      32      25      40      39      45      36      34      31      71      61      75    1834    7416 
 42572      410      26      28      25      21      16      22      27      29      25      35      25      29      29      33      41      36      42      44      46      38    1665    7718 
 23036      414      20      27      21      24      29      35      16      26      19      28      35      30      39      32      40      31      45      43      40      47    1760    7613 
 21956      415      14      35      25      26      25      27      35      27      24      43      35      32      41      47      42      37      45      40      67      55    1967    7311 
 28183      415      26      30      29      31      32      30      35      41      31      31      41      36      53      27      40      50      41      46      70      88    1979    7213 
 37846      416      23      27      26      18      35      35      39      29      30      18      27      36      35      41      48      40      43      56      46      64    1931    7353 
 52704      421      22      13      30      24      29      39      28      22      27      31      31      31      41      32      36      42      45      43      49      55    1688    7642 
 41202      423      32      36      39      27      29      26      42      41      33      33      37      31      37      43      40      43      58      43      58      49    1903    7320 
 19661      424      24      23      23      27      31      46      43      35      37      34      46      24      42      42      37      51      50      55      53      59    1911    7307 
 23960      424      42      26      30      33      31      43      34      31      41      48      45      37      39      52      44      46      36      39      66      65    2032    7140 
  6528      427      32      30      35      35      34      24      41      42      50      44      52      43      33      38      42      51      50      60      64      59    1942    7199 
 27896      427      33      39      32      30      31      40      31      28      43      35      31      33      44      35      27      41      49      38      47      66    1930    7317 
 14571      428      27      25      36      34      30      32      29      33      46      39      37      34      54      33      52      50      55      63      72      63    1942    7214 
 52910      431      27      27      32      20      37      33      28      31      22      30      30      42      33      37      40      39      39      34      52      73    1876    7418 
 17905      431      31      20      29      30      28      34      34      33      36      37      42      45      36      40      38      41      44      45      46      65    1946    7300 
  2568      432      31      30      24      33      28      33      27      35      36      27      43      34      29      50      35      43      44      47      34      62    1843    7432 
 12773      432      32      31      23      30      23      30      28      35      34      32      25      42      30      39      39      39      42      39      58      45    2101    7203 
 34256      432      30      23      31      37      38      40      18      45      27      45      29      52      42      44      46      42      50      55      55      69    1920    7262 
 17343      433      25      32      36      29      29      24      31      23      33      38      32      37      34      29      35      40      28      31      54      46    1975    7359 
 32763      436      29      37      23      27      40      34      37      35      43      28      38      38      38      46      48      53      43      65      54      73    2057    7114 
 40683      443      46      22      29      35      38      40      24      41      42      35      39      38      40      37      34      49      49      44      52      55    1995    7216 
 25056      447      39      34      35      37      27      28      34      34      28      41      28      34      39      35      34      32      56      51      40      57    1939    7318 
  3830      452      25      32      30      43      30      31      40      41      43      30      29      42      29      44      40      34      34      49      44      51    1727    7532 
 28100      453      29      37      25      24      49      38      33      38      26      29      30      41      37      37      36      37      53      48      33      56    1846    7418 
 22772      456      36      28      24      41      37      40      32      33      38      38      32      44      43      56      38      35      48      33      39      47    1914    7324 
 53660      456      42      39      34      27      43      32      33      35      36      34      35      43      39      40      46      35      50      61      52      47    2013    7184 
 40055      456      32      41      29      37      29      37      30      46      42      29      43      41      35      37      43      55      46      54      53      51    1773    7417 
 64394      457      32      39      41      41      33      41      36      40      50      38      39      34      43      44      43      49      53      59      41      67    1980    7157 
 20446      464      34      34      38      35      49      43      50      43      43      41      36      47      44      53      52      39      48      52      58      63    2058    7040 
 53934      464      45      31      37      40      41      32      49      48      37      59      41      49      45      44      51      55      55      49      81      56    2008    7047 
 17426      467      32      40      32      30      35      36      36      35      30      35      41      43      35      48      27      50      46      56      52      46    1752    7463 
 38554      471      39      32      36      39      39      39      38      41      53      45      56      60      50      49      49      37      65      54      54      54    2035    7036 
 39909      474      29      34      37      31      29      28      34      29      45      25      32      50      31      37      37      46      46      34      56      43    1909    7358 
 21220      476      30      42      39      42      39      38      59      24      37      45      43      44      40      45      38      51      56      53      50      46    1815    7324 
 52977      478      34      40      44      41      54      49      52      43      37      41      42      47      48      62      59      51      68      68      69      66    2175    6810 
  6551      479      37      35      38      38      33      43      41      47      29      42      41      37      51      42      52      61      50      38      46      42    2009    7148 
 14027      479      36      47      46      38      43      43      56      50      43      48      48      38      54      43      55      52      49      50      58      63    1981    7059 
  1750      481      44      42      41      47      43      40      41      50      41      36      44      42      50      44      43      55      48      45      49      51    2055    7049 
 38174      483      47      46      41      43      40      33      47      41      53      40      36      51      46      49      61      43      43      60      56      59    1778    7287 
 64865      488      43      52      51      50      43      51      46      54      52      60      51      55      46      59      51      54      55      52      54      79    2031    6911 
 12039      494      50      57      48      44      52      40      53      53      55      56      53      46      46      60      55      43      46      45      64      45    2172    6817 
 11684      495      35      36      54      39      45      42      55      57      48      42      50      57      56      41      36      54      62      43      58      56    2187    6847 
 21212      496      54      47      44      44      39      51      53      39      51      55      51      54      60      53      62      45      54      66      55      70    2068    6885 
 18481      497      41      41      41      29      47      42      40      33      48      45      29      50      43      40      36      48      53      38      45      39    1821    7351 
 13482      498      37      44      45      47      50      43      45      65      51      47      57      53      62      61      75      58      65      71      61      65    2152    6746 
 15792      502      46      20      49      45      47      43      46      40      42      45      35      60      44      42      43      59      45      51      42      50    1922    7184 
 18846      503      50      53      46      52      55      40      44      43      51      37      61      48      52      62      68      58      58      67      45      55    2092    6863 
 19695      503      33      39      39      44      44      39      39      37      42      44      42      59      43      39      44      42      51      49      42      51    1871    7267 
  5017      505      43      51      42      50      38      40      38      45      51      48      50      49      38      56      50      57      57      42      52      69    2119    6915 
  9936      505      41      40      39      50      42      53      41      47      47      50      58      43      52      43      56      50      49      50      46      62    2051    6990 
 12799      506      46      48      43      38      41      53      56      37      45      35      56      34      44      43      58      30      49      55      49      36    1958    7146 
 35626      507      46      50      59      52      50      44      37      49      50      39      50      45      49      49      54      76      44      54      65      54    2222    6762 
 28670      508      33      45      42      51      38      44      35      37      43      43      46      32      52      51      51      46      40      42      32      41    1791    7365 
 28910      508      28      40      43      38      44      41      41      54      45      43      33      44      45      44      42      40      52      56      52      54    1912    7209 
 52621      509      32      46      53      45      53      45      58      51      48      47      46      39      51      57      41      59      52      38      52      53    2279    6755 
 31872      510      61      56      42      54      45      59      49      56      58      52      52      49      49      38      65      58      56      60      51      48    2192    6750 
 16162      512      47      41      50      62      49      41      49      46      59      65      57      51      48      49      55      47      60      69      52      47    2244    6712 
 53207      512      46      41      45      35      46      41      50      48      50      37      45      37      45      44      46      42      42      47      42      41    1790    7340 
 37952      513      49      51      55      53      39      49      43      69      48      52      62      54      59      58      39      47      45      49      56      55    1914    7054 
 39263      513      48      50      49      38      55      33      59      54      53      51      64      39      53      54      64      72      71      54      50      54    2204    6731 
  6734      518      47      44      45      43      53      55      50      41      40      55      70      62      47      59      43      56      35      56      49      38    2019    6993 
 53488      518      33      46      49      57      43      53      54      37      79      45      58      56      44      56      48      57      63      81      70      48    1981    6942 
 31880      519      48      33      44      35      42      48      38      43      46      45      49      49      44      43      48      63      39      47      43      48    1943    7162 
  2246      520      58      69      54      51      51      59      74      53      57      63      49      53      57      51      68      64      51      57      53      33    2241    6634 
 11304      521      35      43      41      38      61      49      45      45      48      51      39      51      38      35      48      46      46      35      42      41    1808    7315 
 53298      521      48      51      52      39      55      48      53      45      54      47      51      54      63      45      54      53      44      54      49      53    1930    7058 
 29710      521      57      49      46      59      68      46      52      61      46      54      50      48      46      52      57      61      51      75      48      55    2154    6765 
  9803      523      52      47      49      41      55      45      49      70      55      48      65      50      56      68      65      58      58      76      57      61    2140    6735 
 11551      523      58      43      54      47      52      45      52      39      48      41      45      41      46      55      51      45      65      45      53      44    2106    6925 
 30452      524      44      38      41      49      34      39      47      51      55      46      46      42      38      53      59      47      36      40      46      48    1852    7249 
 38349      526      37      38      43      38      53      38      49      36      54      42      57      40      46      41      50      55      47      41      50      39    1838    7268 
 39883      526      56      42      49      49      52      57      56      53      67      62      39      49      51      54      57      58      61      48      56      57    2084    6843 
  9084      527      52      54      50      33      51      51      61      48      54      44      53      63      57      50      53      63      38      51      41      48    1879    7106 
 34306      529      59      47      55      57      39      68      54      69      60      67      52      57      55      42      53      57      70      60      63      55    2208    6653 
  4622      532      55      41      37      45      35      56      53      59      51      48      43      47      54      50      56      50      56      45      45      41    2196    6837 
 30841      532      38      36      43      53      48      43      43      46      44      39      54      41      44      61      36      52      53      48      52      39    1897    7190 
 37994      534      51      38      47      45      68      52      50      46      61      48      53      44      47      40      50      54      55      48      44      42    2038    6979 
 25544      538      46      59      63      57      66      63      54      65      61      74      54      56      56      73      47      51      72      55      54      47    2176    6651 
 23424      540      50      52      68      62      58      55      47      56      53      41      61      58      62      64      34      53      58      70      51      50    2066    6831 
 29637      542      56      56      55      54      42      34      50      51      49      68      50      49      46      49      53      49      61      58      47      40    1989    6994 
  4028      543      62      53      51      53      46      54      41      59      56      57      65      54      61      53      63      66      57      64      51      52    2214    6668 
 53348      549      62      50      37      58      42      48      55      62      50      52      55      42      52      39      71      60      48      39      46      49    1956    7027 
 20487      550      51      48      57      61      58      66      55      59      53      51      56      53      60      61      46      65      49      66      53      31    2169    6732 
 38471      550      55      65      65      71      57      66      51      70      65      62      71      50      59      58      61      48      70      68      65      49    2216    6558 
 26419      555      57      54      43      38      49      55      44      40      48      51      51      53      59      47      56      61      46      37      51      35    1996    7029 
 41848      556      52      49      42      58      42      53      52      55      54      64      63      56      69      63      50      39      68      59      70      42    2172    6728 
 38265      557      45      49      64      46      41      47      63      50      55      72      41      36      45      64      60      46      47      43      51      46    1908    7081 
 11072      559      57      86      61      56      48      57      60      57      64      36      55      67      48      40      50      49      50      65      54      32    2139    6769 
 27862      559      64      43      59      60      41      62      64      51      40      45      55      61      68      61      56      56      39      52      54      51    2202    6716 
 67611      563      67      56      70      81      62      68      57      60      64      54      56      66      61      63      54      64      62      51      55      36    2208    6585 
 38695      565      59      69      64      59      60      58      51      61      60      63      57      54      54      41      57      54      45      53      58      41    2239    6643 
 26922      569      61      62      72      61      51      63      63      67      57      67      65      58      70      64      52      57      58      63      71      50    2216    6552 
 39248      572      79      67      57      62      60      60      66      50      69      49      76      49      60      60      56      44      58      50      62      49    2286    6531 
 68577      573      59      66      64      75      71      60      65      64      61      70      74      71      74      57      73      71      69      64      38      53    2102    6599 
  6320      578      51      53      62      74      51      65      70      70      58      65      65      62      70      60      58      57      50      66      46      45    2182    6620 
  7286      578      56      63      53      59      67      51      53      58      64      62      44      62      63      71      51      62      54      58      52      42    2121    6734 
 37861      578      64      59      54      59      75      65      75      63      56      74      50      63      73      65      60      58      74      65      63      38    2257    6490 
 17046      581      92      65      70      59      66      73      75      71      68      65      73      74      78      66      70      81      76      54      42      39    2160    6483 
 35485      587      85      57      73      77      65      66      65      74      80      81      56      63      89      84      52      66      66      76      65      45    2323    6292 
 36269      587      69      61      62      73      88      66      56      67      72      78      68      50      64      67      62      63      65      54      48      39    2033    6695 
 53041      589      47      51      56      53      57      59      62      69      58      59      61      72      51      58      52      36      53      50      50      40    2022    6884 
 13656      591      60      69      55      66      53      69      60      69      48      58      64      54      50      59      53      54      46      65      49      37    2095    6767 
  1842      594      63      85      81      80      67      65      59      60      68      73      67      93      71      55      79      63      69      59      69      63    2360    6251 
 39701      597      86      63      70      68      76      72      61      62      68      63      64      76      59      66      73      75      57      49      51      53    2239    6449 
 10199      616      76      82      69      75      86      84      66      75      79      66      83      63      66      66      62      53      61      67      41      43    2364    6273 
  6759      617      90      62      75      61      62      63      76      85      64      70      73      63      69      81      67      52      59      56      53      32    2249    6438 
 42382      617      64      81      68      69      77      71      72      80      81      65      77      79      79      73      65      58      68      55      53      52    2301    6312 
 36954      618      73      98      79      74      77      78      76      78      85      77      55      73      71      62      62      46      68      57      46      40    2322    6303 
  4994      620      71      71      73      69      66      80      59      72      54      81      75      77      74      66      74      66      73      55      55      43    2363    6283 
 52647      620      74      83      74      71      86      71      76      63      77      68      72      88      80      60      81      65      81      59      58      39    2395    6179 
 34363      621      81      75      87      85      80      81      76      82      72      76      77      72      65      72      68      79      49      63      44      49    2303    6264 
  1701      627      73      65      62      80      63      70      91      75      73      76      70      71      61      68      79      61      55      58      44      36    2207    6462 
 42051      635      71      79      79      93      85      63      77      68      72      89      80      66      71      55      82      79      70      65      40      41    2122    6453 
 17301      640      78      62      80      79      72      72      64      70      76      66      61      75      61      75      55      60      59      57      50      37    2203    6488 
  6791      643      93      91     112      93      92      98      99      79      76      94      90      71      74     102      58      71      87      65      57      47    2351    6000 
 53850      644      72      87      76      79      85      83      87      69      92      74      75      73      72      81      73      71      58      65      59      45    2274    6250 
  5751      645     100      78      95     101      81      60      85      87      74      75      74      80      65      69      79      73      74      57      47      34    2379    6133 
 24208      647      86      81      87      83      77      87      75      79      81      76      61      83      63      77      77      69      56      50      42      34    2330    6246 
 23242      650      85      87      63      66      58      84      82      63      68      84      53      72      69      62      58      48      50      39      38      35    2053    6683 
 21287      651      84      88      59      93      73      77      67      73      75      75      60      75      71      61      70      60      56      53      48      37    2106    6539 
 33472      653      88      87      90      77     104      74      77      65      84      81      77      69      73      87      58      65      54      71      28      36    2244    6311 
  5850      655      82      92      74      72      86      89      65      53      76      72      85      95      54      72      53      63      68      56      63      45    2055    6530 
  4143      662      99      97      69      84      72      81      83      92      88      83      84      75      83      78      73      70      77      56      53      40    2457    6006 
 34272      664      86      99      92      98      95     101      90      91      83      69      78      94      73      68      85      74      63      63      52      50    2315    6081 
 16345      665      95      95     104      84      74      93     104      95      95      88      90      79      76      77      70      73      65      43      59      44    2242    6155 
 28712      669      91     103      93      71      92      87      76      98      88      76      84      82      74      67      79      70      63      68      67      36    2402    6033 
 18507      674      88     108     111      99      87      98     110      80     107     100     100      92     105      80      67      81      71      60      48      24    2264    6020 
 52696      675      80      94      62      74      85      85      70      62      77      70      63      73      76      69      65      54      59      45      40      30    2250    6417 
  4127      678     101     109     105     112      98     108     105     104     120      86      91      84      79      77      68      86      69      64      66      42    2398    5828 
 22947      683      96     104      71      99      80      81      86     103      95      78      98      74      77      80      63      63      41      61      50      39    2132    6329 
138198      685      77     109      86      81     108      72      95      81      72      87      70      79      68      74      57      76      72      61      58      28    2273    6216 
 52878      686      84      78      87      86      80      83      74      86      88      72      79      68      74      73      73      53      61      50      52      30    2144    6425 
 28373      688      80     121     100      96      96      94      83      75      68      94      99      98      80      72      70      59      63      57      44      34    2348    6069 
 52803      693      86      94      97     105     101      94      90     109      92      83      82      78      82      76      68      79      62      59      52      27    2360    6024 
  8300      695      83      87      89      80      74      82      75      78      84      72      77      73      63      73      63      50      70      54      43      34    2147    6449 
 38653      712      88     104      83      89      77      84      84      84      79      82      80      87      65      82      73      56      50      66      46      25    2166    6350 
 53371      723      97     107     109     107     101     102     100      92      81     109      85      82      86      85      68      76      63      46      46      40    2238    6080 
 53439      725     101     109     102     104      93      85      91      78      73      81      77      74      94      70      82      64      55      53      37      25    2098    6354 
 20255      727     108      98     114     118     107     104      98      91      88      92      82      89      76      77      68      70      74      52      52      22    2357    5963 
147538      742     119     109     124     110     113     104     113     107      91     104     108      64      90      89      93      65      71      57      50      26    2124    6069 
  2675      742     119     113     112     125     125      93     108     106     110      93      96      81      83      70      83      69      53      37      45      25    2376    5878 
 66795      745     126     108     110     119     106     120     112      95      86      86     105      95      86      81      80      77      60      60      45      27    2386    5830 
 68536      752     119     119     115     109     123      91     104     101      99     100     108      91     104      77      99      74      81      70      36      30    2389    5761 
  4812      776     132     109     112     135      99     117     102     118     114      95     100     127      96      88      80      72      90      52      41      24    2470    5627 
 37515      780     137      96     116     112     108     104     107      81     105      93      85      96      75      72      64      68      56      45      45      20    2126    6189 
  1792      783     160     120     128      99     124     116     129     118      96     111     100      92      76      84      74      54      55      54      41      20    2409    5740 
 36897      786     104     128     157     118     120     140     105     102      98      92     100      81      90      90      70      78      60      52      46      16    2349    5804 
 53587      893     185     220     168     157     162     162     145     156     114     140     112     117      99     123      85      73      43      61      34      15    2514    5115 
 52720      933     187     159     172     166     175     165     150     124     127     127     121     101     106      96      84      75      56      45      22      23    2292    5427 
