 52662      285      13      11      15      15      10       7      11      17      14       8      19      11      21      17      16      27      20      32      39      62    1635    7980 
 29991      292      14      12       9      14       9      10      10      12       7      12      20      19      19      14      26      20      23      24      36      62    1608    8020 
 10769      310      19      19      16      20      14      19      22      19      20      21      20      27      37      30      30      25      31      44      53      91    2034    7389 
 32607      314      17      20      14      22      20      19      19      23      20      17      26      25      21      26      28      28      31      40      56      69    1925    7534 
   119      317      18      25      14      23      17      12      18      26      16      12      18      14      16      18      22      35      43      29      57      63    1764    7740 
 10439      323      14      11      11      11      10      22      19      19      17      15      19      19      26      27      17      28      31      36      34      57    1822    7735 
 37671      331      14      20      21      22      18      19      24      26      27      26      25      32      32      33      28      35      46      51      55      70    2070    7306 
 30304      337      28      16      24      21      14      24      30      25      24      43      14      29      21      35      46      33      34      53      54      88    2055    7289 
 36582      342      13      12      15      17      26      16      17      21      22      23      32      24      23      26      38      23      41      34      59      66    1896    7556 
 13110      345      30      23      17      23      24      30      31      21      20      34      32      34      35      23      43      49      46      50      47      87    2163    7138 
 29454      346      23      25      29      19      23      31      29      29      24      28      26      34      42      47      39      50      43      47      69      92    2100    7151 
 13243      352      30      15      30      22      27      19      17      34      27      20      34      29      28      23      38      41      43      47      62      68    2042    7304 
 27854      352      23      14      22      18      18      27      25      21      21      14      29      26      31      26      26      30      25      43      46      59    1799    7657 
  9779      357      21      23      22      24      20      27      13      26      23      14      24      41      30      41      39      43      47      35      55      64    1742    7626 
  6312      359      23      24      32      17      29      26      34      29      25      26      27      32      33      51      47      57      43      48      58      83    2039    7217 
 25080      359      24      20      21      31      14      27      20      20      35      37      23      32      34      36      44      39      46      45      47      82    2036    7287 
 31732      360      16      21      26      23      21      19      26      30      25      20      25      38      31      40      35      40      44      42      40      65    1906    7467 
 38760      361      18      15      25      28      26      20      23      27      29      30      25      32      36      29      39      40      45      41      61      82    2075    7254 
  8995      362      18      23      26      26      23      32      25      34      23      31      29      30      35      32      34      31      35      51      63      89    2184    7126 
  3863      366      23      27      33      27      17      29      21      34      33      35      30      22      31      30      33      36      32      41      44      73    2079    7270 
 24984      366      14      25      18      25      19      16      23      28      27      30      24      26      28      32      25      29      35      41      49      67    1833    7586 
 28779      366      20      24      34      23      20      28      31      23      26      25      28      30      38      26      35      51      33      50      65      69    2173    7148 
  4507      371      13      15      23      27      20      24      18      23      24      31      37      33      31      33      27      36      24      44      44      63    1832    7578 
 11171      372      22      16      23      13      21      25      14      17      30      14      33      18      26      29      34      31      45      44      48      57    1846    7594 
 20420      372      24      26      27      22      30      28      37      30      39      38      30      46      46      47      41      56      59      46      59      84    2278    6907 
 41319      372      28      15      21      15      22      29      31      34      22      32      30      30      33      34      40      40      32      48      59      63    2156    7186 
 10041      375      22      22      27      21      30      24      21      30      30      23      33      40      36      43      36      37      38      37      54      68    1914    7414 
 26393      378      22      15      33      21      17      27      22      27      31      23      26      30      17      27      36      32      33      31      38      45    1750    7697 
  7211      379      21      32      29      23      28      21      19      27      21      38      22      28      35      24      34      37      40      57      49      56    1933    7426 
 17194      385      21      22      23      33      29      28      30      30      34      31      22      45      35      32      38      36      44      59      50      58    1989    7311 
 38414      390      32      27      34      21      34      42      27      32      33      34      43      24      40      37      28      38      65      55      52      70    2090    7142 
 28860      392      31      33      34      26      45      40      34      40      28      39      42      43      41      48      37      48      49      63      57      95    2287    6840 
 37564      392      26      28      30      38      30      35      33      27      32      39      38      40      50      45      45      48      64      56      68     100    2350    6778 
 19364      394      33      29      23      23      25      24      20      21      36      29      27      33      35      39      46      43      44      37      45      65    1928    7395 
 19216      395      27      32      36      32      29      32      34      34      32      35      33      45      45      40      43      41      43      72      69      72    2199    6975 
  6635      399      35      30      32      49      36      40      46      37      47      35      42      40      45      43      49      54      55      46      45      80    2217    6897 
 17491      399      31      33      33      36      34      39      46      32      38      50      39      55      40      50      46      54      57      58      81      66    2274    6808 
  7724      400      32      21      22      30      28      22      32      26      29      37      32      31      46      34      42      31      47      41      55      69    1938    7355 
  2576      403      26      28      35      34      39      38      32      35      27      27      41      30      35      46      36      41      47      62      45      72    2249    6975 
 38042      404      21      51      36      32      35      19      34      35      44      38      31      38      46      64      40      62      60      50      69      88    2161    6946 
 18960      407      22      26      29      27      23      20      38      34      29      33      20      27      29      41      29      45      40      58      46      63    1845    7476 
 27763      409      24      16      39      35      21      26      33      33      38      33      38      30      35      23      32      39      45      40      46      56    1892    7426 
 42572      410      25      27      32      26      26      24      32      29      40      27      28      29      39      33      41      40      41      42      56      56    1911    7396 
 23036      414      30      27      24      30      27      38      30      42      34      25      28      34      34      35      31      32      38      34      60      67    1919    7381 
 21956      415      23      29      26      32      28      32      34      29      30      29      36      34      31      30      46      26      37      53      42      61    2043    7269 
 37846      416      25      22      31      27      42      26      25      32      27      34      34      31      43      43      43      58      45      40      50      57    2010    7255 
 52704      421      32      34      46      35      24      38      44      43      41      47      49      35      51      48      47      41      52      61      76      77    2225    6854 
 41202      423      30      47      35      38      37      50      46      49      46      41      47      54      41      54      40      71      59      60      60      65    2317    6713 
 19661      424      33      48      40      38      29      35      44      37      57      43      48      40      36      64      71      52      52      63      67      82    2312    6709 
 14571      428      26      44      32      38      28      41      36      43      31      29      32      32      35      38      47      56      50      46      54      87    2031    7144 
 52910      431      31      32      30      32      34      26      44      44      30      34      31      37      44      34      35      47      49      44      47      62    2030    7203 
 17905      431      38      38      27      38      39      39      37      27      32      44      40      34      37      46      45      39      56      54      48      50    2134    7058 
  2568      432      39      35      30      37      37      39      31      33      34      37      30      44      41      39      49      44      65      55      51      62    2003    7165 
 12773      432      31      28      30      24      32      36      31      47      41      34      42      30      26      58      59      40      46      46      57      60    2189    7013 
 34256      432      41      33      29      30      29      27      52      31      24      43      42      36      43      45      32      56      55      46      72      67    1925    7242 
 17343      433      28      26      27      36      36      42      40      36      31      41      41      38      41      43      39      44      48      59      56      58    2126    7064 
  4911      435      26      40      37      30      32      30      32      25      37      34      36      31      31      38      49      43      43      43      69      68    2014    7212 
 29843      436      30      33      40      25      40      46      31      33      33      31      37      39      41      49      32      46      50      58      52      61    2054    7139 
 32763      436      35      37      38      43      32      39      49      40      44      32      47      50      44      54      53      47      51      58      62      57    2343    6745 
 40683      443      40      37      27      42      42      34      26      42      38      31      48      40      46      42      53      47      55      40      57      68    2138    7007 
 25056      447      41      45      45      40      44      70      45      40      64      64      56      65      61      47      56      59      76      71      63      77    2441    6430 
  3830      452      32      33      36      34      54      35      40      37      41      41      36      42      42      39      41      45      49      58      51      62    2171    6981 
 19539      456      28      34      28      39      39      30      34      30      44      40      43      33      32      41      43      39      60      56      46      60    2118    7083 
 22772      456      48      48      41      49      50      54      60      54      56      68      65      58      49      47      60      58      50      60      67      73    2583    6302 
 40055      456      47      52      50      59      54      37      41      60      54      48      48      40      55      58      61      68      78      69      77      73    2490    6381 
 64394      457      49      50      53      44      40      45      52      43      56      52      54      34      54      54      57      41      66      76      75      79    2339    6587 
 31187      462      41      35      43      64      38      43      32      39      39      49      58      43      36      48      53      54      60      44      62      59    2206    6854 
 20446      464      57      53      47      58      62      54      48      48      50      50      59      64      70      54      60      70      78      77      64      64    2527    6286 
 53934      464      45      50      62      38      47      57      54      58      60      56      58      68      54      68      57      80      75      72      93      69    2507    6272 
 17426      467      47      39      42      44      56      40      53      45      62      47      25      54      57      54      68      56      56      76      66      59    2357    6597 
 38554      471      43      37      39      38      29      34      40      38      42      41      38      42      52      40      48      54      35      46      48      51    2052    7113 
 39909      474      30      30      38      47      45      45      44      36      43      50      36      54      34      55      43      39      58      65      52      47    2034    7075 
 21220      476      50      52      45      50      56      48      52      59      54      52      66      50      58      57      66      50      50      58      66      54    2458    6449 
 52977      478      43      73      50      58      51      56      56      72      56      61      55      63      70      56      63      79      50      71      57      62    2534    6264 
  6551      479      48      46      39      43      37      43      49      40      50      51      53      48      68      47      33      60      35      59      59      37    2143    6912 
 14027      479      48      46      52      45      37      42      42      43      59      53      58      59      45      45      60      53      49      63      52      64    2083    6902 
  1750      481      61      45      62      54      64      57      61      65      68      59      51      60      61      78      53      58      71      69      63      71    2523    6246 
 38174      483      35      47      55      47      45      42      50      41      40      39      39      46      53      43      52      55      53      50      58      50    2190    6870 
 12039      494      45      47      57      56      54      50      53      64      71      51      76      51      62      53      51      55      50      60      78      67    2473    6376 
 11684      495      49      43      35      56      38      50      50      56      36      68      40      47      63      57      53      77      64      56      56      46    2320    6640 
 21212      496      49      36      42      47      36      38      39      44      45      42      47      51      54      61      54      42      43      62      72      66    2074    6956 
 18481      497      63      50      42      46      41      74      57      54      49      62      60      61      58      67      80      74      67      61      56      75    2428    6375 
 13482      498      44      59      55      36      52      44      67      49      54      51      42      47      56      67      46      46      65      52      75      44    2248    6701 
 15792      502      49      41      53      42      62      51      49      43      49      47      35      63      58      34      69      46      60      59      52      53    2160    6825 
 18846      503      48      58      56      44      40      48      37      46      55      50      52      52      57      49      56      48      50      48      67      46    2270    6723 
 19695      503      44      30      44      52      52      33      54      42      52      47      53      59      45      53      66      52      54      64      44      52    2168    6840 
  5017      505      45      61      62      54      48      51      54      77      57      61      57      56      66      56      59      72      71      67      67      68    2482    6309 
  9936      505      49      40      49      48      43      58      44      58      51      52      45      56      47      49      51      57      58      41      52      60    2125    6867 
 12799      506      48      51      36      43      52      38      40      34      50      43      48      44      38      51      51      55      49      50      54      43    2270    6812 
 35626      507      51      42      46      43      45      44      55      49      49      48      50      46      46      56      58      46      64      62      57      48    2198    6797 
 28670      508      51      44      41      46      38      40      37      41      34      46      50      42      45      51      43      55      52      38      60      49    2104    6993 
 28910      508      65      58      73      61      72      60      68      70      67      74      71      65      71      76      64      68      59      76      80      62    2463    6177 
 52621      509      52      54      37      57      47      50      39      56      53      50      43      49      44      53      72      67      52      58      61      57    2134    6815 
 31872      510      45      48      65      56      46      55      62      46      40      47      50      60      58      56      73      63      62      52      56      56    2196    6708 
 16162      512      40      46      37      47      39      56      59      42      53      58      70      47      71      62      56      64      52      61      68      54    2310    6608 
 53207      512      51      47      51      41      38      58      48      51      54      54      41      46      49      56      55      66      58      45      45      62    2231    6753 
 37952      513      37      45      44      51      50      52      55      48      48      49      45      52      60      54      52      67      51      57      78      53    2115    6837 
 53488      518      51      49      58      52      53      36      55      56      52      48      56      46      53      78      57      67      65      58      55      63    2381    6511 
 31880      519      54      62      49      50      47      55      53      57      55      50      63      53      58      49      65      60      49      66      56      54    2344    6551 
  2246      520      54      70      63      37      47      60      54      58      63      66      72      73      65      74      51      70      56      68      57      62    2514    6266 
 11304      521      47      55      70      56      57      41      51      51      51      47      66      46      50      61      51      56      53      64      42      54    2184    6747 
 53298      521      76      51      67      61      50      52      56      58      65      52      56      49      57      58      82      65      68      59      83      72    2506    6257 
 29710      521      58      71      74      64      82      61      67      75      77      81      61      52      75      77      63      81     100      67      70      69    2529    6046 
  9803      523      67      68      59      67      82      77      68      68      74      66      63      69      74      65      67      75      81      80      73      83    2592    5982 
 11551      523      50      49      58      49      67      62      58      52      60      52      53      71      43      55      52      66      54      62      56      49    2101    6781 
 30452      524      56      52      71      63      58      73      81      55      85      67      73      77      63      79      76      59      65      70      90      82    2594    6011 
 38349      526      61      67      68      63      69      54      50      74      65      72      78      65      79      74      67      54      59      62      67      66    2444    6242 
 39883      526      63      51      51      50      61      60      62      64      61      56      72      60      66      55      58      62      53      59      54      60    2355    6467 
 34306      529      52      56      38      52      50      57      37      48      59      66      51      44      42      71      57      48      59      52      49      51    2136    6825 
  4622      532      46      66      60      60      54      64      61      71      63      55      52      62      62      55      55      61      68      74      59      43    2344    6465 
 30841      532      55      29      56      68      49      47      60      58      56      61      55      54      70      68      59      50      58      67      51      55    2430    6444 
 21030      534      48      62      40      46      57      47      53      46      40      76      53      59      51      57      70      50      63      57      51      49    2112    6813 
 37994      534      45      63      63      53      54      62      48      55      51      55      53      60      45      52      57      50      58      60      55      57    2359    6545 
 25544      538      58      65      56      72      64      62      47      47      59      44      58      65      68      67      52      58      66      58      77      39    2371    6447 
 23424      540      51      58      66      48      60      55      59      48      57      65      59      50      51      50      62      58      64      48      37      41    2210    6703 
 29637      542      65      53      41      70      61      60      64      61      47      53      63      72      50      62      61      48      63      55      55      56    2338    6502 
  4028      543      58      49      58      64      57      67      42      44      66      57      65      76      68      53      53      63      65      50      58      43    2356    6488 
 53348      549      77      64      54      65      53      63      64      56      63      52      64      79      54      58      67      59      64      58      50      58    2302    6476 
 20487      550      62      61      66      56      64      62      76      64      70      58      46      59      65      56      42      67      43      66      57      39    2337    6484 
 38471      550      85      75      71      81      81      81      82      77      79      61      91      92      83      78      84      53      68      67      63      69    2678    5801 
 26419      555      55      54      68      59      49      71      57      64      70      64      63      66      63      56      59      54      56      51      51      47    2274    6549 
 38265      557      60      62      53      55      62      69      65      56      74      67      63      74      69      76      57      65      74      55      50      54    2243    6497 
 11072      559      62      60      54      50      56      61      44      62      59      64      55      67      57      55      57      66      59      60      47      45    2105    6755 
 27862      559      57      50      68      66      66      73      60      64      50      56      57      55      62      56      55      55      55      61      62      48    2318    6506 
 67611      563      67      67      69      53      65      47      61      64      66      65      46      50      72      63      69      61      53      61      49      52    2321    6479 
 38695      565      68      69      67      72      60      53      77      60      66      64      74      60      67      51      61      54      51      51      52      40    2368    6415 
 26922      569      72      51      63      70      53      65      65      73      65      74      74      52      77      73      73      64      64      74      62      46    2499    6191 
 39248      572      78      67      68      75      73      64      63      68      56      60      47      67      64      71      57      71      57      53      50      43    2225    6523 
  6320      578      58      72      59      60      67      46      54      55      52      53      56      59      58      69      60      79      47      57      54      33    2198    6654 
  7286      578      72      69      54      62      67      61      83      64      65      64      60      76      61      61      54      56      50      66      52      50    2293    6460 
 37861      578      69      52      48      72      64      73      66      43      61      69      71      72      57      66      63      58      57      46      60      47    2190    6596 
 35485      587      82      73      71      59      59      64      78      79      64      79      66      51      59      60      66      70      72      59      54      56    2207    6472 
 36269      587      67      66      67      94      80      92      68      70      80      83      73      69      65      63      64      66      64      68      65      53    2599    5984 
 53041      589      83      91      91      66     110      86      90      94      74      91      79      95      82      78      85      63      95      79      61      50    2546    5811 
 13656      591      58      68      71      70      75      86      74      84      76      73      78      71      66      61      68      55      68      72      55      39    2506    6126 
  1842      594      58      69      68      72      69      77      95      72      54      68      71      60      92      67      58      51      57      78      62      41    2337    6324 
 10199      616      63      75      75      69      77      76      69      79      71      77      77      61      69      76      68      68      63      56      46      38    2442    6205 
  6759      617      93      84      75      79      75      63      64      77      70      81      74      70      69      64      74      75      58      66      54      47    2346    6242 
 42382      617      68      83      77      78      67      78      80      71      69      55      80      56      64      60      74      63      71      66      50      52    2287    6351 
 36954      618      73      74      91      78      85      71      82      75      70      87      68      79      73      87      69      61      61      75      61      41    2535    6004 
  4994      620      89      77      84      65      82      71      76      84      81      80      68      84      70      67      70      66      61      58      48      48    2406    6165 
 52647      620      86      82      84      82      74      80      89      81      65      69      87      77      56      61      63      75      57      55      63      57    2412    6145 
 34363      621      83      82      88      90      75      82      88      72      63      66      65      84      76      53      71      67      68      66      42      45    2395    6179 
  1701      627      73      87      85      93      94      80      81      76      82      73      73      77      85      70      59      74      58      60      66      53    2479    6022 
 17756      634     105      86      83      70      74      82      80     104      94      68      80      83      93      73      66      63      77      59      46      35    2583    5896 
 42051      635     108     126      83      93      88     109      86      85      92      92      84      82      74      73     100      80      70      67      51      41    2666    5650 
 17301      640      70     101      76      89      86      90      86      63      75      82      74      85      79      67      63      71      75      56      51      39    2357    6165 
  6791      643      73      73      84      86      78      80      68      72      77      67      85      61      70      67      66      60      52      66      50      35    2358    6272 
 53850      644      78      86      63      86      94      83      75      89      69      64      77      94      61      68      67      74      72      55      60      40    2442    6103 
  5751      645     105     112      97      95      84     119      85      86     101      98     121     106     102      81      81      79     103      68      81      49    2604    5543 
 24208      647      92      89      91      93      81      84      75      89      73      81      81      74      87      79      71      72      58      60      62      48    2454    6006 
 23242      650      81      92      95      81     105      83      73      85      77      86      89      85      73      78      71      87      72      62      49      50    2450    5976 
 21287      651     109      73     101     104      98      72      83     102      86      99      63      79      64      78      59      72      62      61      56      44    2470    5965 
 33472      653      90      87      93      89      91     106      78      96      74      74      98      82      70      80      72      68      56      57      50      42    2462    5985 
  4143      662      95      93      86      82     107      75      87      73      84     107      87      84      71      76      76      62      76      46      37      43    2397    6056 
 34272      664      89      97      83     104      94      94      79      96      80      92      99      88      72      83      73      66      56      63      69      33    2511    5879 
 16345      665     107      88      88      87      69      86      95      77      76      80      71      78      72      72      68      50      59      69      62      31    2424    6091 
 28712      669      89     106     105      94     105      84      80      84      89      76      81      94      81      86      62      72      63      64      51      35    2315    6084 
 18507      674     103     110     126     118     121     126     123     114     130     108     106     116     116      81      96      81      81      82      75      44    2772    5171 
 52696      675      99      83      70      88     104      90      87      93     106      91      84      83      78      74      77      77      60      69      53      37    2477    5920 
  4127      678      90     101     101      86      92      78      97      90      80      81      84     102      81      74      58      77      65      54      49      34    2280    6146 
 22947      683     104      84      94      91      82      85      68      93      79     112      92      77      68      71      78      65      60      56      60      34    2466    5981 
 52878      686      97      81     106      95      88      76     108      88      70      85      86      80      77      72      70      83      62      55      53      32    2346    6090 
 28373      688     136     114     104     117     112     108     133     105     103     120      99      96     100     109     107      91      83      71      61      38    2607    5386 
 52803      693      89     101     101      94      84      91      83      87      95      95      79      80      76      59      61      64      63      70      37      25    2338    6128 
  8300      695      93     104     111     122     141     110     114      90      95      90      99      86      84      85      65      65      60      55      59      51    2387    5834 
 38653      712     114     103     112      95     118     105      99      96      98      93      91      93      96      70      82      75      76      52      52      39    2438    5803 
 53371      723      94     103     113     110     126      91     112      97     106      96     103      86      85      79      86      71      63      57      54      31    2514    5723 
 53439      725     131     126     109     109     111     126     103     138     119      97     105      92      89      88      91      77      67      75      56      32    2523    5536 
 20255      727     166     154     112     135     147     141     127     129     118     122     118     129     113     103     114      82      66      74      66      42    2787    4955 
  2675      742     128     102     112     102     114     116     104      98     104     113      99      99      86      90      90      87      74      58      43      47    2411    5723 
 66795      745     126     141     136     112     119     118     115      85     116      95     105      75      84      89      86      70      64      51      43      23    2597    5550 
 37515      780     158     127     121     142     126     120     125     121     114     125     115     104      98      89      96      78      81      53      35      40    2659    5273 
  1792      783     170     173     176     178     173     154     141     161     140     133     120     126     110     109     112      94      91      77      61      34    2842    4625 
 36897      786     129     134     118     158     134     123     113     132     108     109     100     105      93      97      82      76      75      60      50      28    2482    5494 
 53587      893     209     230     208     190     196     206     190     173     175     150     161     117     143     132     127      93     102      69      39      22    2737    4331 
 52720      933     213     216     191     162     147     156     178     151     172     140     139     117     132     126      83      95      68      50      37      28    2439    4960 
