  4184      279       9      14       7      11      10       8      10      17      16      12      17      18      16      20      25      24      40      35      45      79    1443    8124 
 14092      279       6      14       4      11      12      13      14      14       8      20       7      15      11      12      14      24      21      21      43      72    1455    8189 
  2782      283       8      14      12      11      14      12      16       9      14      14      20      16      13      18      16      22      20      25      43      71    1492    8120 
 52662      285      17      11      12      15       7       9      14      14      12      10      15      16      22      17      21      21      20      21      40      63    1527    8096 
 29991      292       8      15       6      10      12      12      15      21      11      15      12      12      17      10      13      16      21      26      19      55    1478    8196 
 10769      310      10      10      14      20      16      16       9      18      10      14      14      30      15      21      21      33      40      30      40      67    1601    7951 
   752      311      16      13      18      13      19      18      21      11      17      18      14      11      22      21      24      20      27      29      43      97    1593    7935 
 27771      318      12      12       7      19      15       8       8       5      14      22      18      16      16      26      26      16      23      34      40      39    1425    8199 
146480      319      11      14      12      15      12      14      16      10      12      27      28      19      17      11      27      26      30      41      37      60    1571    7990 
  2139      324      15      11      13      19       9      15      16      24      11      26      19      21      15      20      32      22      16      29      25      68    1611    7963 
 37663      327       9      16      17      14      22      12      17      18      16      11      17      27      27      33      36      26      35      34      47      51    1662    7853 
 27888      331      13      15      23      12      19      22      16      23      17      17      21      18      30      28      29      27      27      29      53      60    1771    7730 
 37671      331      10      15      16      13      12      13      17      16      17      14      22      23      16      16      20      24      21      43      35      51    1495    8091 
 30304      337      11      14       9      16       9      13      17      10      13      12      30      22      23      15      26      32      21      30      35      69    1732    7841 
 36582      342      18      19      18      17      16      15      19      22      20      19      24      22      27      26      28      36      35      43      57      65    1702    7752 
 13110      345      23      17      16      15      20      18      13      28      14      21      31      23      25      31      33      40      41      27      48      63    1724    7729 
 29454      346      17      25      16      20      17      19      13      23      23      25      27      31      24      33      38      31      35      37      44      71    1787    7644 
 13243      352      12      16      26      21      26      18      15      23      21      14      16      20      21      30      28      32      28      39      42      52    1738    7762 
 27854      352      12      19      19      14      12      20      22      20      24      24      27      21      17      28      34      34      40      40      50      64    1656    7803 
 26229      354      20      22      21      27      29      21      23      18      21      15      30      30      20      30      21      33      30      43      41      66    1602    7837 
   935      357      17      19      20      26      21      19      19      20      24      29      27      31      27      36      31      27      43      44      50      56    1713    7701 
  9779      357      15      22      20      24      22      13      26      13      26      13      22      34      31      23      37      27      37      46      44      91    1775    7639 
  6312      359      23      18      24      22      21      15      23      31      29      27      26      20      29      32      31      36      37      52      49      63    1818    7574 
 31732      360      16      20      11      16      17      17      13      20      21      17      18      22      23      23      22      21      27      23      41      41    1495    8076 
  8995      362      17      20      20      17      26      22      20      16      22      21      21      26      29      28      33      38      38      41      55      79    1737    7674 
 11668      363      20      11      18      25      20      19      28      30      25      33      22      38      28      41      34      26      46      45      45      74    1895    7477 
  3863      366      10      26      19      21      13      16      17      26      20      22      25      25      26      29      32      37      25      31      48      45    1536    7951 
 24984      366      20      16      19      18      20      23      19      17      21      33      15      25      36      33      34      38      37      47      56      60    1810    7603 
 28779      366      24      24      26      14      14      21      23      18      19      22      24      26      26      32      34      38      52      49      56      50    1638    7770 
  4507      371      25      22      28      20      20      17      24      21      15      20      23      32      33      30      24      34      39      42      44      69    1669    7749 
  5819      372      13      15      19      26      30      21      17      24      19      27      23      21      23      24      33      33      28      38      54      60    1611    7841 
 11171      372      22      19      27      21      17      19      23      29      31      33      22      22      31      24      25      43      36      35      53      55    1787    7626 
 20420      372      16      16      23      26      23      21      29      22      34      24      40      21      37      27      28      33      40      34      51      51    1786    7618 
 41319      372      16      25      24      32      14      26      27      22      28      29      36      24      28      32      34      28      38      35      44      60    1848    7550 
 10041      375      21      17      19      21      17      23      20      29      19      30      24      24      22      29      30      38      32      24      53      61    1657    7790 
 26393      378      21      22      27      19      17      27      23      27      24      32      40      27      42      33      32      43      41      50      55      58    1838    7502 
  7211      379      21      19      17      15      26      17      23      22      35      30      18      23      28      31      30      21      35      46      52      58    1684    7749 
 35170      382      17      28      19      25      23      25      25      31      33      31      38      38      31      34      37      43      32      52      45      50    1754    7589 
 17194      385      15      17      26      25      18      22      15      30      32      20      21      22      32      39      35      27      27      32      45      46    1576    7878 
 38836      386      17      18      21      24      20      25      20      18      24      28      29      28      39      31      34      32      41      24      42      57    1655    7773 
  2840      390      20      23      26      20      19      21      33      20      24      25      24      23      26      39      31      23      23      47      45      49    1546    7893 
 38414      390      14      25      23      19      18      18      20      25      25      19      19      29      30      21      28      37      23      38      46      52    1487    7984 
 28860      392      22      17      23      18      23      25      26      24      18      23      24      32      32      40      34      35      43      41      36      54    1582    7828 
 37564      392      17      24      30      22      25      34      28      23      34      36      28      26      36      37      29      38      45      50      49      59    1955    7375 
 24372      394      27      28      31      22      26      24      24      21      26      27      30      29      33      38      35      46      53      39      61      55    1940    7385 
 19364      394      27      30      26      17      21      23      25      21      23      29      37      38      33      35      27      41      42      34      60      46    1808    7557 
 22418      395      18      28      25      18      32      27      24      35      38      30      29      42      31      28      38      33      33      52      53      62    1885    7439 
   562      398      36      26      27      29      27      28      29      21      29      27      34      30      33      40      35      39      42      44      53      53    1833    7485 
  6635      399      20      23      32      26      24      27      33      28      40      30      34      33      40      30      40      35      43      50      55      87    1979    7291 
  7724      400      14      18      22      29      27      28      21      19      40      22      25      22      29      42      30      27      31      41      30      58    1540    7885 
   315      401      27      24      26      26      22      28      31      18      24      25      37      38      32      30      36      36      40      60      46      56    1712    7626 
 33563      401      21      30      37      16      18      37      21      31      39      35      28      33      21      29      40      38      42      33      40      62    1878    7471 
 40261      402      23      20      29      33      35      20      27      32      32      32      41      23      52      40      44      40      49      41      51      67    1806    7463 
111138      403      20      23      17      39      25      28      30      31      38      26      27      44      46      39      39      39      44      62      45      61    1926    7351 
 38042      404      29      22      17      22      22      26      31      33      25      22      33      26      25      28      45      32      42      37      48      49    1716    7670 
 18960      407      27      23      28      19      36      26      25      33      39      22      39      37      34      42      36      46      41      48      41      53    1969    7336 
 11114      408      33      25      23      33      38      31      32      38      33      38      27      41      35      47      39      38      48      69      67      61    1960    7244 
 27763      409      23      32      30      40      28      30      35      29      25      23      45      32      36      41      37      39      38      56      49      64    1960    7308 
 42572      410      23      23      24      29      26      22      27      23      31      18      28      32      23      29      36      31      45      29      39      61    1574    7827 
 40931      413      31      24      25      35      31      32      23      46      22      35      34      38      33      43      39      45      47      43      53      67    1952    7302 
  2436      414      27      39      25      27      33      43      29      28      28      29      32      34      32      35      48      38      43      40      37      54    1838    7461 
 23036      414      31      13      17      21      28      27      19      24      17      31      30      21      38      33      36      32      32      35      43      54    1600    7818 
 21956      415      29      20      23      28      25      33      37      28      32      35      31      30      36      42      39      41      40      46      55      64    1886    7400 
 28183      415      27      29      36      30      24      24      25      27      37      31      30      30      38      29      36      48      46      40      50      42    1936    7385 
 37846      416      22      30      33      35      38      36      25      34      33      32      25      31      45      52      37      43      52      61      50      63    1976    7247 
 41202      423      26      27      37      33      26      34      27      28      29      27      32      42      48      42      29      42      41      48      48      47    1885    7402 
 19661      424      30      37      32      26      25      33      38      30      29      41      32      44      38      45      46      45      49      44      46      67    1810    7413 
 23960      424      27      28      39      25      21      32      32      27      30      28      35      43      31      43      31      44      35      45      55      54    1645    7650 
 98590      427      20      27      26      32      27      24      27      26      23      26      36      30      29      45      30      46      45      30      38      48    1685    7680 
  6528      427      23      39      32      29      33      35      36      26      29      40      37      42      23      44      36      48      53      58      64      46    1911    7316 
 27896      427      26      22      32      30      19      33      35      30      32      30      27      40      30      37      37      41      58      53      48      63    1733    7544 
 17905      431      28      31      22      37      35      38      50      30      30      41      43      52      44      46      45      55      61      45      59      63    1967    7178 
  2568      432      32      44      26      36      28      30      35      33      25      35      33      30      39      47      42      51      47      51      53      50    1900    7333 
 12773      432      37      37      25      29      28      31      29      37      34      37      34      42      32      29      49      42      49      57      46      59    2016    7221 
 34256      432      24      28      30      26      29      33      31      31      37      32      44      34      41      44      33      38      43      52      39      48    1790    7493 
 32763      436      27      26      37      18      25      45      25      26      31      33      36      34      41      34      35      33      42      54      50      45    1831    7472 
 40683      443      34      38      36      30      36      35      32      34      31      35      42      47      42      50      54      64      43      64      54      57    1900    7242 
 23358      445      37      28      27      45      38      40      34      34      31      43      48      41      37      42      32      51      52      49      41      52    1994    7204 
 25056      447      45      38      33      48      39      30      45      41      35      44      45      39      53      50      50      44      44      55      68      70    2023    7061 
  3830      452      39      32      42      34      49      41      35      32      26      44      43      38      45      44      50      47      45      43      62      50    1998    7161 
 19539      456      45      30      31      35      32      34      36      36      45      32      39      40      41      55      47      56      46      43      56      61    2001    7159 
 22772      456      31      34      30      25      27      48      41      25      41      36      32      29      49      49      43      37      38      57      51      58    1833    7386 
 40055      456      28      26      27      34      29      39      31      38      42      30      38      33      40      38      39      50      47      45      51      59    1978    7258 
 64394      457      29      37      45      32      44      23      39      32      44      34      41      54      40      44      52      57      53      48      53      59    1840    7300 
122697      459      43      35      24      43      44      36      42      39      39      38      41      43      36      58      48      55      52      47      44      54    2067    7072 
 53934      464      38      32      30      37      37      35      35      32      49      39      27      34      41      47      46      47      45      50      54      38    1843    7364 
 17426      467      37      38      48      40      38      30      37      55      54      40      36      37      43      50      40      48      43      61      60      46    1978    7141 
 38554      471      33      46      37      33      45      38      47      56      53      45      57      64      50      54      49      50      59      55      65      66    2153    6845 
 39909      474      37      48      35      37      37      31      45      29      37      37      48      51      58      41      47      43      49      58      48      64    2085    7035 
 21220      476      40      33      34      31      36      48      37      45      38      35      34      36      37      39      39      47      37      59      45      55    1864    7331 
 52977      478      42      30      44      34      49      38      43      50      48      48      32      50      48      48      57      44      48      52      48      50    1886    7211 
  6551      479      41      37      37      44      46      37      37      43      42      51      33      44      43      52      59      41      41      51      51      55    1930    7185 
 14027      479      43      38      42      30      48      37      45      43      34      36      25      51      47      52      47      50      49      40      61      46    2032    7104 
  1750      481      44      41      44      45      49      59      44      41      38      51      54      41      58      62      59      49      65      52      63      50    2127    6864 
 38174      483      45      37      40      54      37      36      38      48      43      41      46      46      52      55      50      54      47      56      53      50    2111    6961 
  1958      488      35      48      36      40      36      39      46      44      44      26      36      45      42      41      42      41      55      45      47      39    1847    7326 
 53983      488      33      32      38      50      49      32      39      49      45      37      41      42      44      40      49      52      42      58      51      55    1842    7280 
 64865      488      31      43      57      32      34      43      41      36      48      36      47      44      48      37      48      53      55      52      41      62    1894    7218 
 12039      494      35      35      32      33      32      50      37      40      46      41      35      39      30      25      50      36      41      32      40      62    1763    7466 
 11684      495      38      43      39      44      47      44      40      47      48      51      42      43      60      40      69      48      44      49      45      38    2076    7005 
 21212      496      47      34      36      39      34      47      36      54      29      46      38      52      44      42      31      47      39      38      48      40    1913    7266 
 18481      497      43      35      38      40      51      33      46      33      46      43      44      49      42      44      49      48      50      59      62      56    2164    6925 
 13482      498      47      45      34      42      40      52      57      52      48      51      61      59      48      49      53      63      52      55      73      39    2074    6906 
 15792      502      43      43      55      42      45      39      36      39      62      36      46      49      34      46      34      46      41      48      51      51    1956    7158 
 18846      503      29      50      57      38      41      46      44      55      59      52      72      52      57      48      61      44      68      47      57      49    2146    6828 
 19695      503      43      34      52      52      47      40      33      39      37      37      42      34      36      36      32      42      44      47      44      34    1876    7319 
  5017      505      45      53      48      52      48      59      60      38      45      56      49      42      56      54      47      40      55      45      58      44    2160    6846 
  9936      505      52      42      36      57      48      51      57      51      49      52      56      44      41      52      47      49      59      55      62      55    2069    6916 
 12799      506      44      39      50      40      56      45      45      42      41      39      42      50      50      46      44      44      48      53      47      53    1954    7128 
 35626      507      37      37      40      58      49      52      35      43      55      54      53      58      46      48      52      58      50      48      57      45    2004    7021 
 28670      508      47      49      40      42      39      45      38      39      46      58      47      39      55      45      47      41      58      53      57      43    2017    7055 
 28910      508      38      40      41      38      43      40      45      45      32      51      44      40      46      55      54      46      51      57      49      45    1797    7303 
 52621      509      55      46      44      49      54      47      45      64      49      46      53      58      54      40      67      55      51      68      60      56    2156    6783 
 31872      510      41      29      41      43      44      52      52      43      57      48      37      45      48      45      50      50      46      36      40      41    1763    7349 
 16162      512      46      62      43      50      50      51      68      43      49      60      51      47      56      44      50      53      55      46      43      48    2114    6871 
 53207      512      40      64      46      55      65      53      49      52      53      40      56      64      55      56      63      62      57      61      51      55    2073    6830 
 37952      513      55      36      51      46      50      44      47      40      46      54      53      40      65      53      54      63      57      60      54      50    2046    6936 
  6734      518      52      50      46      42      60      55      61      55      46      58      53      52      63      60      53      52      55      55      53      45    2218    6716 
 31880      519      39      49      67      49      53      47      61      58      56      51      50      47      45      48      45      51      48      58      61      46    1949    7022 
  2246      520      47      44      51      49      38      52      49      46      37      48      48      32      56      45      50      45      47      42      50      41    1921    7162 
 11304      521      40      36      45      47      51      44      52      52      53      48      42      55      57      51      49      58      53      67      42      59    2016    6983 
 53298      521      55      30      35      49      48      49      59      50      43      49      71      46      40      49      53      46      39      46      43      30    1963    7107 
 29710      521      46      47      58      50      53      52      47      59      59      51      49      50      62      54      66      55      48      65      58      56    2124    6791 
  9803      523      49      51      52      47      42      45      48      44      52      45      47      51      44      42      57      48      57      52      45      45    1972    7065 
 11551      523      53      48      42      46      60      44      54      48      48      55      43      44      60      64      53      66      58      61      54      46    2205    6748 
 30452      524      39      41      40      58      42      53      59      47      52      45      48      33      49      43      50      46      60      38      53      42    1823    7239 
 38349      526      46      58      47      64      59      52      52      50      58      59      52      47      48      52      63      54      52      65      43      59    1928    6992 
 39883      526      43      71      60      58      63      55      60      54      69      61      66      56      60      58      58      65      64      74      63      59    2229    6554 
  9084      527      45      53      55      56      46      50      60      51      50      58      54      63      65      54      56      55      58      47      59      45    2001    6919 
 34306      529      48      70      54      44      55      51      54      44      45      57      45      47      43      63      50      52      47      58      50      48    1902    7073 
 24117      531      50      48      59      38      38      50      50      54      46      53      44      46      46      48      59      65      47      51      52      53    1988    7015 
  4622      532      52      57      67      60      57      43      58      61      53      53      55      56      46      50      54      47      42      60      58      54    2000    6917 
 30841      532      57      51      59      49      57      55      44      50      54      57      54      56      55      56      50      56      54      67      57      52    1990    6920 
 37994      534      46      43      38      47      48      53      34      49      60      65      39      52      45      44      52      60      45      42      57      45    1999    7037 
 25544      538      53      56      52      28      42      64      42      56      44      55      62      57      48      57      53      49      55      45      53      35    2040    6954 
 23424      540      55      51      52      46      42      45      51      53      50      58      43      30      58      62      56      50      47      59      43      53    1917    7079 
 29637      542      52      49      31      52      44      50      35      47      42      55      53      47      38      63      47      56      47      48      50      41    1824    7229 
  4028      543      57      66      57      55      61      64      60      58      56      71      65      64      60      56      56      37      66      46      57      36    2212    6640 
 53348      549      61      53      73      62      51      67      56      66      56      47      55      51      46      45      59      64      57      44      38      44    2174    6731 
 20487      550      46      48      44      58      43      40      54      49      51      50      44      57      49      39      54      43      41      56      48      48    1849    7189 
 38471      550      78      87      63      57      60      49      68      59      57      71      60      70      80      64      52      73      65      62      52      50    2161    6562 
 26419      555      60      60      55      48      51      62      50      46      51      54      46      58      58      57      50      60      54      51      44      42    1980    6963 
 38265      557      47      55      43      51      54      51      62      51      49      60      47      75      53      35      48      51      55      35      50      34    1902    7092 
 11072      559      55      59      58      51      68      63      68      65      69      64      74      72      54      69      68      79      80      61      53      57    2281    6432 
 27862      559      44      47      60      74      53      50      51      48      51      60      61      43      60      62      50      47      53      53      49      39    2011    6934 
 67611      563      65      57      63      57      48      56      57      67      61      66      55      53      49      57      45      53      67      50      49      50    2241    6634 
 38695      565      48      43      58      48      66      55      51      45      61      48      49      56      51      49      53      47      41      71      47      36    1911    7066 
 26922      569      63      52      66      60      50      45      39      60      46      55      63      75      43      36      55      69      46      53      39      41    1894    7050 
 39248      572      70      66      72      50      65      80      56      48      67      59      73      70      55      67      59      57      59      60      58      52    2164    6593 
 68577      573      92      52      70      65      62      68      57      71      60      66      70      61      76      65      65      63      53      57      59      52    2116    6600 
  6320      578      64      75      71      62      58      57      70      78      76      59      62      71      68      87      72      66      81      54      60      32    2194    6483 
  7286      578      50      60      63      78      57      66      73      67      66      49      53      70      60      69      68      61      68      59      44      44    2192    6583 
 37861      578      66      43      46      60      56      38      57      50      51      65      42      45      66      44      44      47      54      52      41      37    1937    7059 
 17046      581      61      65      62      56      76      61      61      54      64      66      58      48      65      59      54      69      58      45      41      33    2085    6759 
 35485      587      63      90      72      70      66      68      60      69      71      70      67      68      64      51      68      42      73      51      54      48    2356    6359 
 36269      587      78      73      73      63      57      68      70      79      70      53      73      69      74      74      64      65      52      53      68      44    2178    6502 
 53041      589      74      53      75      70      64      64      69      63      59      59      71      61      68      53      58      66      71      56      57      40    2045    6704 
 13656      591      51      50      62      62      55      53      51      51      42      48      63      57      62      62      59      54      59      59      38      41    1980    6941 
  1842      594      58      57      49      46      57      62      50      63      53      55      55      74      57      54      50      53      42      53      34      31    1971    6976 
 39701      597      55      63      50      54      66      68      55      48      64      54      56      50      66      47      50      58      48      57      51      41    1967    6932 
 34199      606      67      65      72      53      60      62      58      59      74      69      74      53      58      62      50      56      47      44      41      28    2039    6809 
 10199      616      69      72      75      77      79      62      69      74      63      66      60      59      62      59      65      64      52      59      43      39    2253    6479 
  6759      617      69      55      64      67      83      66      60      65      58      58      69      65      46      69      65      59      45      47      41      45    2015    6789 
 42382      617      80      67      70      78      78      64      67      70      73      84      56      69      61      63      53      63      56      64      51      38    2129    6566 
 36954      618      58      57      53      59      63      73      55      63      73      67      56      58      63      54      69      48      56      50      45      32    1952    6896 
  4994      620      79      64      67      81      68      67      75      69      68      69      63      67      60      79      54      65      59      64      44      40    2115    6583 
 52647      620      69      69      66      69      63      68      60      61      52      71      79      62      53      52      58      46      53      52      56      40    1986    6815 
 34363      621      72      81      65      94      72      61      58      55      66      68      81      62      68      67      53      52      62      48      51      31    2133    6600 
  1701      627      73      63      75      60      67      79      64      59      72      74      73      75      53      82      52      57      54      46      52      21    2072    6677 
 17756      634      72      67      72      75      54      72      80      75      80      58      71      63      62      53      48      53      51      47      39      37    1998    6773 
 42051      635      98      86      62      67      83      64      77      79      79      67      87      74      87      74      73      61      47      61      59      37    2333    6245 
 17301      640      72      77      78      79      85      81      70      74      86      88      68      73      63      69      67      64      43      65      46      47    2146    6459 
 53850      644      92      94      77      85      72      86      85      97      92      64      83      93      72      59      69      82      63      54      48      36    2316    6181 
  5751      645      81      73      62      80      81      80      90      71      74      72      60      64      57      93      64      55      60      47      46      42    2182    6466 
 23838      645      78      79      70      69      67      80      67      78      74      80      62      86      70      61      81      75      69      61      41      36    2154    6462 
 24208      647      70      62      73      68      83      75      74      84      84      79      82      68      56      68      79      71      82      39      40      29    2227    6407 
 21287      651      85      71      81      69      64      88      72      69      80      68      66      59      64      56      49      64      65      41      50      28    2007    6704 
 33472      653      91      74      66      58      93      73      69      73      77      69      83      88      66      74      59      83      56      56      46      30    2091    6525 
  4143      662      88      77     103     103      93      85     102      88      86      98      94      72      81      70      80      68      67      58      52      41    2368    6026 
 34272      664      81      87      85      72      82      70      62      81      84      77      72      62      80      53      60      62      68      51      47      29    2163    6472 
 16345      665      89      70      73      69      74      87      65      64      67      75      63      71      76      70      59      57      40      64      43      26    1934    6764 
 28712      669      83      84      67      88      86      84      88      75      84      76      60      76      78      57      57      63      55      48      52      36    2099    6504 
 18507      674      86      71      90      87      76      81     103      83      71      81      79      57      74      71      74      70      55      56      48      35    2182    6370 
 52696      675     102     111      91      87     100     101      85      74      81     100      90      94      77      67      83      59      71      58      55      33    2112    6269 
  4127      678      82      79      78      84      84      81      68      79      69      60      85      72      60      69      56      60      54      51      44      32    2037    6616 
138198      685      87      97      83      85      91      91      68      78      79      86      75      80      71      50      76      53      64      48      44      29    2253    6312 
 52878      686      87     102     101      81     100      94      88     125      86      77     106      86      93      88      68      65      72      65      55      40    2362    5959 
 28373      688     104      99      79     105      97     103     101      90      97      72      72      62      76      64      90      64      66      68      58      49    2434    5950 
 38653      712      94      99      88      73      88     104     109      94      70      84      77      84      77      79      63      71      74      49      48      23    2037    6415 
 53371      723     113     108     107     122     116     103      98      82      85      99     102      85      79      74      83      74      64      55      49      30    2179    6093 
 53439      725     138     123     121     109     109     120     119     110      91     123     114      87      95     102      76      68      89      56      58      32    2390    5670 
 20255      727     111     101     109      97      84      96     101     103     102      86     101      87      81      76      73      68      73      64      52      38    2360    5937 
 24414      732     114     120     119     100      88      93     108     106      96      87      88      83      91      82      75      70      63      52      42      24    2165    6134 
  5207      735     110     115     118     102     116     103     124     124      87     107      79      99      84      65      78      67      81      56      54      31    2418    5782 
  2675      742     114     106     117     138     119     117     123     114     112      89      76      88      88      85      86      86      66      59      47      38    2392    5740 
 66795      745     120     131     124     112     113     116     119      93     104     113      98      88      81      96      92      67      60      67      51      39    2513    5603 
 37291      752     110     123     103     108      92     111     111     109      98      85      87      89      97      95      80      73      60      50      36      24    2176    6083 
 27995      758     135     123     119     136     108     105     104     112     112     112     115     114      93      83      84      77      73      57      43      19    2533    5543 
  4812      776     110     117     119     124     105     111      97      94      99      91      89      90      88      68      54      73      49      63      46      35    2199    6079 
  1792      783     136     130      95     109     106     105     105     108      94     102      83      90     100      86      69      61      54      53      42      24    2082    6166 
 36897      786     146     147     163     134     127     134     132     130     132     114     102      93      95      83      72      76      77      53      53      19    2328    5590 
139311      809     136     142     144     156     142     140     146     118     143     122     128     104     100      85      83      70      74      42      45      32    2269    5579 
 32243      872     172     197     184     167     174     134     158     136     145     129     117     123     106      85      99      69      63      51      36      28    2433    5194 
 53587      893     145     131     151     137     158     132     128     145     117     111      96      98      91      97      94      67      45      48      38      21    2226    5724 
 52720      933     173     175     160     174     179     145     134     160     119     127     110     123      98     104      83      82      64      59      26      21    2287    5397 
