 52928      180       0       2       3       2       2       6       1       6       3       8       3       5       6       9       5       5      11      17      18      55    1200    8633 
 60764      202       2       6       2       5       4       5       1       4       5       5       7       8       3      11      13      17      11      21      26      73    1475    8296 
 52654      287       6      10      14       6       8      12       9      11      10      19      20      22      17      30      24      22      26      36      41      71    1829    7757 
 52787      290      10      16      15      15      14      17      12      15      11      17      18      16      19      13      20      31      28      32      44      83    1977    7577 
 10769      310      12       6      10      12      11      14      12      16      22      19      21      12      18      23      23      18      33      29      44      57    1763    7825 
146480      319      10      13      14      18      16      22      19      18      23      26      15      19      22      31      31      33      23      42      36      76    1929    7564 
 37663      327      10      22      17      15      20      18      12      24      28      25      22      16      23      36      45      29      37      43      62      98    2107    7291 
 37671      331      20      12      19      22      21      21      26      27      27      30      23      27      28      35      30      52      42      57      65      96    2091    7229 
 12450      339      16      24      20      19      16      25      17      13      25      38      26      24      38      34      23      40      50      34      45      71    2141    7261 
 13110      345      19      27      19      28      27      24      31      32      26      39      40      33      36      35      43      32      35      52      69      76    2360    6917 
  9779      357      18      23      18      23      32      17      33      22      21      28      28      35      42      29      37      39      37      41      39      90    2144    7204 
 53033      358      21      22      19      24      21      29      27      30      39      27      41      40      29      32      44      54      41      55      53      96    2337    6919 
 11668      363      38      35      30      34      26      30      22      22      29      29      25      33      40      40      45      43      66      69      82      89    2297    6876 
  3863      366      23      31      26      24      25      35      33      24      28      32      41      40      46      36      45      43      47      48      69      95    2434    6775 
 24984      366      27      20      18      29      31      34      25      40      39      31      29      28      30      33      45      54      60      54      62      83    2148    7080 
  4507      371      16      19      26      24      32      27      20      31      25      34      36      32      27      32      49      50      45      56      59      60    2122    7178 
  5819      372      26      29      18      29      25      25      26      33      32      25      26      34      42      43      44      30      50      40      63      77    2292    6991 
 41319      372      12      24      31      28      32      22      18      28      25      23      27      30      22      34      42      53      42      44      59      65    2135    7204 
 10041      375      25      37      23      25      29      23      29      31      24      42      33      42      39      44      53      38      53      41      75      94    2406    6794 
 26393      378      32      23      17      22      31      28      18      28      27      47      40      36      45      33      41      40      47      51      58      69    2121    7146 
  7211      379      29      29      28      27      27      28      31      21      21      31      21      31      37      31      34      34      36      56      66      65    2030    7287 
 17194      385      20      23      27      29      33      34      33      34      35      42      34      36      46      44      44      50      51      60      68      79    2463    6715 
 19364      394      32      24      39      26      35      26      37      20      34      38      27      27      34      43      43      51      52      51      63      75    2273    6950 
 22418      395      35      27      30      25      43      45      37      41      43      39      47      40      40      46      49      48      46      49      80      99    2500    6591 
  6635      399      31      32      31      34      33      25      35      38      37      30      36      47      27      40      32      38      49      55      59      67    2067    7157 
  7724      400      23      16      28      29      33      27      32      29      45      46      33      33      36      33      36      45      56      47      70      81    2352    6870 
   315      401      30      36      27      30      29      42      27      33      38      30      37      35      38      39      39      37      52      46      61      83    2170    7041 
 33563      401      26      31      32      25      25      29      32      30      34      37      39      39      35      40      38      42      39      42      66      70    2207    7042 
  2576      403      21      34      31      27      35      33      20      31      22      29      32      37      32      38      38      55      45      61      47      52    2132    7148 
 38042      404      25      22      31      26      37      17      29      24      29      30      34      27      34      37      42      42      48      39      58      65    2027    7277 
 28076      413      28      25      22      25      31      33      45      26      39      30      23      41      34      28      43      35      55      43      65      67    2128    7134 
 40931      413      33      26      17      31      30      40      31      29      35      44      38      46      46      41      53      44      60      54      64      71    2502    6665 
 28183      415      38      31      39      42      32      37      42      39      42      48      42      40      47      47      50      55      47      60      67      92    2595    6468 
 37846      416      41      35      38      44      38      42      46      36      47      39      37      46      45      68      45      62      41      66      93     100    2605    6386 
 19661      424      27      35      43      27      40      48      41      46      45      55      57      43      52      55      53      54      64      54      57      81    2448    6575 
 23960      424      37      19      34      38      29      38      32      48      26      27      40      27      52      49      47      55      53      60      56      60    2404    6769 
  6528      427      26      40      43      28      38      30      32      27      47      42      42      40      38      43      38      43      54      49      53      82    2518    6647 
 27896      427      25      35      41      38      29      39      32      41      39      33      41      48      41      38      29      54      48      51      48      72    2126    7052 
 52910      431      41      46      36      34      39      43      49      38      42      34      41      29      60      29      57      56      55      54      71      84    2353    6709 
 17905      431      36      30      40      38      41      39      43      39      38      50      52      35      36      44      44      50      55      46      75      82    2343    6744 
  2568      432      40      37      40      36      45      37      40      37      42      38      56      52      55      47      62      59      72      68      72      80    2635    6350 
 12773      432      36      40      37      41      33      35      42      36      46      40      39      36      50      43      50      34      50      64      53      75    2512    6608 
 34256      432      37      43      33      34      45      37      34      43      43      40      61      53      44      52      38      46      58      54      70      77    2583    6475 
 17343      433      34      36      33      42      47      39      41      38      41      50      53      57      54      42      44      60      55      65      61      66    2380    6662 
  4911      435      42      36      32      41      41      34      35      42      45      45      36      37      45      53      42      49      62      55      59      61    2513    6595 
 29843      436      28      30      31      37      35      37      46      41      33      25      51      27      32      43      46      51      47      59      70      74    2160    6997 
 25056      447      41      42      38      39      46      48      49      45      42      40      40      54      49      43      49      60      60      53      59      61    2224    6818 
  3830      452      41      41      57      41      49      54      35      59      50      51      75      71      58      57      68      51      58      68      72      72    2468    6404 
 19539      456      42      42      50      56      52      44      33      45      40      55      44      50      49      47      62      46      71      71      84      78    2538    6401 
 22772      456      41      36      34      40      37      41      44      51      42      42      56      41      40      48      41      48      56      53      49      77    2460    6623 
 40055      456      45      47      35      49      37      31      44      51      42      48      52      44      42      47      48      48      64      75      58      72    2352    6669 
 64394      457      40      35      44      40      55      34      55      51      55      56      73      63      57      49      63      44      72      74      70      95    2775    6100 
 36830      459      36      37      42      42      41      48      43      36      34      39      40      27      55      46      63      40      46      51      70      77    2311    6776 
 20446      464      37      57      54      59      43      61      48      59      63      51      56      63      71      71      66      68      69      76      83      91    2792    5962 
 17426      467      46      58      53      59      45      51      52      52      52      49      46      53      58      59      59      77      71      67      75      93    2668    6157 
 38554      471      54      49      60      37      54      52      61      39      55      53      55      60      56      48      77      48      63      72      83      87    2643    6194 
 39909      474      43      46      42      56      57      49      53      55      58      60      56      60      64      72      69      71      66      72      85      76    2816    5974 
 21220      476      42      44      41      55      50      37      44      50      44      52      59      59      53      52      61      67      76      49      87      65    2498    6415 
 52977      478      43      48      36      51      49      48      34      50      54      48      44      50      50      79      58      54      55      58      79      66    2445    6501 
  6551      479      52      43      44      58      45      46      46      42      64      45      56      49      59      67      55      54      72      74      71      65    2797    6096 
 38174      483      50      57      53      46      58      51      57      78      57      64      66      69      73      67      70      65      67      75      83      90    2788    5916 
 64865      488      55      35      51      51      70      51      59      54      46      55      59      51      45      73      71      74      65      66      75      87    2264    6543 
 11684      495      65      50      78      56      57      67      68      69      71      48      69      44      82      70      62      92      76      69      85      66    2815    5841 
 21212      496      50      65      40      47      57      46      48      63      50      43      45      62      53      63      61      52      50      64      65      51    2491    6434 
 18481      497      68      65      64      55      57      57      60      47      53      64      58      56      58      57      62      74      79      83      76      75    2593    6139 
 13482      498      54      44      44      59      46      52      63      46      54      64      79      64      55      64      62      56      65      57      62      72    2529    6309 
 15792      502      42      48      54      45      43      50      57      47      56      63      68      51      81      52      58      56      71      60      69      59    2604    6266 
 18846      503      43      38      49      59      48      46      59      50      47      63      50      46      49      64      50      60      64      60      69      52    2342    6592 
 19695      503      61      66      77      54      41      50      55      68      52      58      60      51      53      76      68      55      56      54      63      70    2618    6194 
  5017      505      60      48      49      52      46      38      53      53      48      51      77      62      48      50      49      59      57      63      69      53    2311    6604 
  9936      505      44      46      43      52      53      50      55      58      52      54      51      39      58      57      62      57      65      63      64      56    2466    6455 
 12799      506      37      46      42      57      49      48      51      44      53      54      42      55      53      62      56      45      43      53      53      66    2444    6547 
 35626      507      64      44      52      47      54      58      53      53      49      64      67      65      64      48      63      76      65      59      74      61    2568    6252 
 28670      508      60      49      57      55      53      50      62      65      69      55      61      63      67      58      60      65      60      72      63      78    2570    6208 
 28910      508      52      36      41      57      42      59      52      64      47      52      51      44      58      68      63      48      70      72      55      66    2544    6359 
 52621      509      50      60      52      69      57      65      55      67      67      72      58      69      68      71      68      69      69      71      84      65    2891    5803 
 31872      510      49      45      46      47      51      49      55      53      50      66      65      57      40      53      62      56      59      61      57      59    2391    6529 
 16162      512      43      45      63      64      52      63      59      63      49      62      45      59      64      56      59      72      70      75      59      70    2497    6311 
 53207      512      49      75      51      50      58      80      51      72      57      61      58      64      61      60      62      64      75      80      68      77    2617    6110 
 37952      513      57      53      52      61      48      52      61      67      58      57      53      51      54      73      58      73      51      64      58      65    2363    6471 
 53488      518      61      53      61      62      56      51      45      63      55      53      74      53      44      50      50      60      61      65      57      73    2440    6413 
 31880      519      52      42      64      56      64      50      60      77      62      51      68      69      55      58      64      83      63      60      69      79    2572    6182 
  2246      520      63      60      53      61      51      52      60      60      47      57      54      47      70      55      78      74      44      73      51      71    2597    6222 
 11304      521      67      56      59      59      59      64      71      75      49      69      62      67      71      92      57      68      72      71      78      67    2847    5820 
 53298      521      45      68      55      57      59      66      49      54      73      52      66      61      62      72      59      59      76      61      77      76    2601    6152 
 29710      521      49      56      56      49      52      62      51      52      63      48      60      63      64      66      56      60      74      69      75      55    2623    6197 
  9803      523      50      61      60      54      70      57      64      64      52      63      58      60      69      66      60      60      59      71      72      73    2768    5989 
 11551      523      65      64      65      74      61      68      78      76      64      61      72      78      70      63      72      64      56      64      78      72    2792    5843 
 30452      524      58      53      60      60      64      54      65      73      67      53      48      53      72      64      51      61      57      64      59      70    2382    6412 
 39883      526      60      48      66      63      59      59      61      77      70      62      67      70      65      66      71      70      56      49      69      61    2652    6079 
  9084      527      56      60      50      55      58      52      63      66      49      55      73      63      59      65      61      83      73      64      77      49    2566    6203 
 34306      529      69      62      57      61      65      74      83      79      72      73      83      78      65      67      79      84      79      82      77      68    2894    5649 
 30841      532      60      61      62      63      64      88      70      80      74      84      65      68      81      74      59      80      95      73      72      72    2639    5916 
 25544      538      61      75      63      75      66      58      54      45      70      63      69      67      68      67      77      58      61      56      72      71    2515    6189 
 23424      540      76      65      62      58      60      70      57      65      56      66      66      57      68      67      63      69      69      50      63      56    2765    5972 
  4028      543      68      53      66      62      66      52      59      54      64      51      64      66      55      64      69      58      68      64      64      66    2439    6328 
 53348      549      56      81      74      58      68      65      68      55      65      81      78      63      69      71      61      65      51      70      68      74    2715    5944 
 20487      550      71      67      46      55      67      67      54      69      58      68      55      65      74      60      64      65      66      68      49      45    2505    6262 
 38471      550      60      59      59      70      53      63      63      69      49      75      79      81      76      61      60      76      76      83      86      68    2690    5944 
 26419      555      81      71      64      75      84      90      69      72      65      82      62      82      99      62      68      70      70      91      62      55    2601    5925 
 41848      556      69      41      55      60      62      54      62      71      63      71      48      59      65      62      65      98      70      78      72      57    2433    6285 
 38265      557      80      70      68      71      65      56      64      54      73      72      69      74      71      82      76      69      61      79      62      53    2660    5971 
 11072      559      71      62      88      73      61      68      77      75      47      61      59      69      57      74      59      64      62      90      62      61    2497    6163 
 27862      559      76      74      92      67      62      64      80      69      69      72      79      57      74      69      63      70      57      74      61      61    2650    5960 
 67611      563      55      70      59      63      58      70      85      67      89      75      62      72      67      54      69      71      73      78      71      64    2530    6098 
 38695      565      63      55      71      66      67      56      63      58      54      74      82      62      58      74      77      63      77      63      65      61    2502    6189 
 26922      569      74      64      65      64      76      62      75      82      61      67      67      84      87      83      91      76      77      69      50      74    2661    5891 
 39248      572      67      76      70      61      81      75      65      70      74      78      67      85      66      89      71      73      79      67      75      52    2761    5798 
  6320      578      65      64      76      75      82      71      65      84      75      67      76      75      57      66      73      68      70      78      52      60    2613    5988 
  7286      578      58      56      72      61      59      58      72      75      65      55      64      71      61      69      63      65      73      55      58      35    2585    6170 
 17046      581      84      83      68      83      85      87      82      73      87      93      72      85      77      75      73      69      60      87      70      55    2709    5743 
 35485      587      77      73      61      68      56      74      71      58      74      65      72      58      68      68      74      68      57      63      70      51    2505    6169 
 36269      587      78     100      82      91      89      93     105      76      87      79      69      96      72      81      79     100      84      80      57      65    2777    5560 
 53041      589      93      93      85      84      82      85     106      80      87     113     100     103      99      89      82      77      92      60      83      52    2974    5281 
 13656      591      66      63      77      55      64      66      88      58      67      57      81      66      61      70      68      54      67      54      52      46    2522    6198 
  1842      594      70      69      70      72      96      66      77      94      75      72      84      81      75      89      86      70      73      84      69      64    2778    5686 
  6759      617      88      56      69      69      74      81      63      80      82      90      90      71      54      55      76      78      57      51      53      36    2627    6000 
 42382      617      95      98     102      76     100      85      98     100      96     101      83      97      71      95     100      80      82      88      71      60    2988    5234 
 36954      618      67      95      94      88      92      93      94      75      77      76      97      82      84      81      81      80      91      62      69      41    2691    5690 
  4994      620      87      93      66      86      77      85      94      81      82      78      81      75      63      72      89      88      68      60      58      55    2812    5650 
 52647      620     100      88     113      87      86      77      68      90      92      80      83      93      71      82      73      77      68      78      45      40    2702    5707 
 34363      621      89      79     100      96      93      93      89      71      85      83      86      88      99      85      75      82      75      75      61      40    2893    5463 
 42051      635      89     116      86      79      74      99      67      79     107      83      86      80     102      74      80      82      66      74      72      52    2772    5581 
 17301      640      98      96      87     107      89      86     104      96      89      88      92      97      72      76      63      70      70      69      65      45    2563    5778 
  6791      643     102      91      76      84     101      86     105      82      98      94      89      83      92      94      71      88      73      82      63      55    2818    5473 
 53850      644      93      89      95      92      82     106      75      82      82      93     103      89     107     102      86      68      48      74      73      64    2625    5672 
  5751      645     103     135     104      93      79     102      68     107      89      89      80      88      94      89      84      80      84      66      61      48    2754    5503 
 23242      650      81      85      86      83      76      85      98      76      93      87      80      81      81      68      88      70      78      63      58      44    2580    5859 
 33472      653      96      98      97      92      97      90      97      74      96      82      83      99      86      78      82      79      67      68      59      54    2589    5737 
  4143      662      89      94      81      93      98      96      89      80      75      86      87      88     100      89      78      65      68      82      56      48    2597    5761 
 13219      664     115     110     120     115     117      95     118     124     112      97     106     107     125      95      84     111      84      79      67      50    2833    5136 
 34272      664      91     100     101     102     107      94      91      85      97      94      78      94      94      79      87      89      70      71      54      46    2558    5718 
 18507      674     119     112      92     115     111     104      94     105      97      87      93      96      79      91      74      82      85      69      69      61    2668    5497 
 52696      675     100      95     106     104     106      97      90      96     102     112      93     105     101      92      75      74      78      67      64      50    3093    5100 
  2220      683     135     123     117     102      96     114      93     110     102      98      88      93      83      95      93      91      80      71      49      47    2871    5249 
 22947      683      96      97     124      95      95      99     124      91      93      85      92      80      96      84      90      72      82      70      51      40    2849    5395 
 52878      686     135     113     110     122     138     130     113     119     118     108     102     105     100      90      85      99      89      76      70      45    3069    4864 
 36020      687     116     103     108     112     102      96      81     101     100     100      85     107      92      86      87      89      85      78      55      41    2727    5449 
 28373      688      93     105     116     108      94      80     112      84      89     101      99      82      78      86      80      73      79      73      55      40    2640    5633 
 52803      693     116     110     108      96     112      81     101      99     100     105      85     103      89      81      75      63      82      60      45      40    2665    5584 
  8300      695     113     103      89      98     115      93      96      91     104      81      73      80      84      83      85      72      64      70      49      39    2692    5626 
  1149      698     104      96     101     115      97      85      96      78      97      99      98      96     105      67      79      67      56      69      62      40    2685    5608 
 38653      712     111     111     127     121     119     107     100     117     118     103      89      88      75      95      83      77      87      72      64      44    2827    5265 
 53371      723     118     121     136     119     112     138     123     105     118     107      99     105     104     100      87      81      86      64      59      62    2728    5228 
 53439      725     114      96     106     115      92     108     105     102      91      89     102      98      83      86      96      70      69      63      50      34    2772    5459 
 20255      727     104     126     149     139     122     111     117      96     120     101      91     115      92     100      99      86      73      69      56      42    2623    5369 
  5207      735     118     111     105      95      89     126     112     120     106      99      92      97      98      92      97      86      65      65      61      40    2636    5490 
 28068      736     139     152     128     147     124     130     112     116     117     116     128     110      93      96     102     107     116      74      65      40    2888    4900 
147538      742     120     124     144     125     124     144     109     134     121     112     115     111     109      91      83      77      97      85      57      40    2745    5133 
  2675      742     126     147     128     124     143     124     130     120     119     124     106     118     102      95      95      82      86      65      58      47    3098    4763 
 37291      752     127     147     125     115     113     127     110     125     120     107      88     127      97      71     100      87      58      82      66      32    2840    5136 
 27995      758     177     148     144     148     146     158     146     137     117     122     123     100     121     107     114      87     107      93      67      39    2947    4652 
 37515      780     137     141     143     145     145     145     134     109     160     107     107      99     102     117     101      97      85      80      59      39    2903    4845 
 36897      786     115     125     136     131     128     116     127     128     110     110     113     100      94      86      86      76      74      65      50      21    2740    5269 
 14258      792     155     157     144     127     146     137     125     126     135     116     109      95     102      90      94     105      79      67      50      38    2704    5099 
 52639      809     189     170     138     140     113     143     142     118     123     119     124     128     123     116     104      83      79      67      62      28    2974    4717 
 14621      818     182     172     138     161     160     139     143     150     117     122     108     109     116     113     101     100      81      76      50      25    2868    4769 
 31393      877     164     185     190     175     179     174     157     144     146     136     116     126     109     119      87      92      61      57      51      29    2759    4744 
