 60764      202       2       3       5       4       3       4       4       5       4       6       6      12       2      13       3       7      12      14      18      58    1227    8588 
 52654      287       8       7       9       9       7       6      15       6       8      10      12      12      12      19      13      19      17      25      37      59    1482    8208 
 37663      327      12      11      17      13      10      10      13       9      18      25      13      15      21      28      33      20      30      34      45      77    1827    7719 
 27888      331       9      19      16      17       9      23      20      21      24       7      17      17      24      22      31      25      26      55      51      68    1654    7845 
 37671      331      14      10      13      14      14      12      15      13      19      23      25      13      22      22      21      20      40      28      39      75    1864    7684 
 13110      345      14      18      12      15      19      15      23      21      22      25      18      17      17      15      31      30      29      46      46      58    1730    7779 
 26229      354      17      17      20      16      19      19      13      22      20      23      24      24      21      31      30      24      33      46      64      70    1893    7554 
  9779      357      13      20      22      25      16      16      22      25      22      20      21      28      17      25      23      32      34      40      44      82    1784    7669 
 53033      358      16       9      16      18      15      26      20      22      16      16      29      16      26      27      29      33      35      42      54      80    1885    7570 
  6312      359      23      16      27      14      19      14      21      21      27      25      27      26      22      27      30      34      31      48      42      66    1794    7646 
  3863      366      19      13      13      17      21      25      13      22      15      18      25      20      29      24      27      33      30      44      36      75    1880    7601 
 24984      366      14      17      12      21      21      23      27      18      18      27      26      37      23      21      28      37      37      48      63      61    2112    7309 
 28779      366      18      10      21      18      17      23      21      20      20      23      17      22      21      32      38      32      50      44      57      74    1958    7464 
  4507      371      16      10      20      15      17      31      20      30      28      21      20      29      26      34      25      30      48      39      52      76    1958    7455 
  5819      372      15      19      16      22      20      19      23      20      25      30      30      19      22      23      31      40      43      33      55      63    2081    7351 
 11171      372      14       9      16      28      12      16      17      12      22      19      31      25      30      36      34      26      41      50      62      73    1931    7496 
 20420      372      21      20      16      13      15      21      23      26      24      25      18      26      35      31      38      27      37      40      51      59    1851    7583 
 41319      372      27      24      18      18      22      22      27      28      18      18      31      23      33      33      38      39      42      50      64      72    1984    7369 
 10041      375      15      25      20      21       9      23      23      27      28      23      28      26      25      33      35      37      35      42      65      81    1852    7527 
 26393      378      19      24      18      20      24      24      16      15      25      24      18      26      35      29      20      40      31      56      55      79    1832    7570 
  7211      379      23      21      18      24      20      17      18      33      21      33      23      32      32      38      42      33      48      43      62      78    1940    7401 
 35170      382      26      17      13      18      31      22      35      25      29      22      32      29      32      37      38      39      41      60      50      79    2002    7323 
  1602      383      10      21      17      23      16      19      30      29      15      23      23      24      27      42      27      27      40      48      48      79    1945    7467 
 38836      386      25      19      26      21      28      24      25      24      23      28      24      28      37      22      44      43      48      31      46      77    1996    7361 
 28860      392      21      24      16      20      24      23      24      42      26      26      31      45      38      37      33      35      27      49      66      69    2033    7291 
 37564      392      20      23      25      20      28      24      30      19      23      15      19      27      32      32      24      41      37      42      42      64    1936    7477 
 19364      394      12      17      20       9      19      14      18      22      28      20      31      28      18      23      26      28      33      45      43      67    1668    7811 
 22418      395      29      13      26      16      18      20      23      21      23      32      27      34      27      34      38      33      39      55      51      75    1936    7430 
  7724      400      21      30      35      24      23      32      28      21      28      24      32      27      36      37      26      44      47      47      64      72    2147    7155 
   315      401      23      18      23      30      20      19      31      23      33      30      22      27      29      25      30      40      34      59      65      79    1918    7422 
 33563      401      34      27      20      23      26      29      29      28      33      40      29      34      42      38      34      46      53      60      53      56    2210    7056 
 18960      407      22      24      22      32      24      24      27      46      48      30      39      45      38      36      45      52      45      42      58      94    2151    7056 
 11114      408      22      19      21      25      30      32      22      25      26      30      34      32      34      35      41      32      49      44      63      70    1988    7326 
 28076      413      15      28      25      21      26      29      26      37      38      24      19      31      35      42      39      34      51      35      54      64    2066    7261 
 23036      414      24      27      21      25      28      25      26      25      31      31      31      32      33      44      31      34      49      58      49      56    2106    7214 
 28183      415      24      27      24      36      21      33      17      35      18      24      31      35      35      33      32      47      49      54      57      76    1986    7306 
 19661      424      19      21      27      25      20      25      27      36      22      33      28      32      33      37      30      43      39      55      55      74    1842    7477 
 23960      424      21      27      25      24      30      21      30      24      32      33      32      34      35      49      35      43      47      58      59      55    2091    7195 
  6528      427      23      33      25      25      23      41      31      21      25      31      27      45      23      30      29      41      55      54      45      73    2063    7237 
 27896      427      18      24      28      34      28      38      28      36      33      32      38      43      44      33      41      36      55      48      53      73    2294    6943 
 17905      431      35      27      27      30      29      31      26      37      34      31      23      30      41      30      30      29      48      45      58      71    1801    7487 
  2568      432      22      31      27      24      34      25      32      28      25      26      30      36      31      28      40      46      40      43      63      69    2294    7006 
 12773      432      32      21      18      33      22      26      34      36      32      30      40      34      43      42      41      50      52      50      45      66    2239    7014 
 34256      432      17      12      21      22      21      27      27      27      32      26      19      34      33      35      37      33      43      42      50      61    2052    7329 
 17343      433      29      28      26      24      30      33      28      25      41      29      30      35      28      38      35      47      45      45      64      67    2070    7203 
 29843      436      30      27      43      33      30      26      28      32      32      24      32      36      42      42      39      44      43      57      57      70    2261    6972 
 23358      445      23      29      21      25      35      32      36      40      36      23      30      38      21      29      38      35      39      42      56      56    1819    7497 
 25056      447      40      29      36      38      37      35      30      36      20      38      35      45      44      51      49      46      46      53      59      80    2141    7012 
 53843      451      29      35      30      28      30      22      23      39      37      40      37      34      37      31      37      43      46      64      51      54    1997    7256 
  3830      452      36      23      27      25      34      32      36      39      40      28      27      35      42      52      45      54      50      40      43      64    2080    7148 
 19539      456      47      34      32      38      31      30      34      31      45      44      34      44      33      41      50      43      45      57      62      71    2177    6977 
 22772      456      36      37      39      41      35      46      34      27      36      46      44      42      42      42      31      43      59      64      64      71    2180    6941 
 40055      456      26      37      33      26      31      31      46      47      38      48      34      29      41      44      31      53      48      59      66      65    2167    7000 
 36301      462      27      37      42      21      30      42      43      28      30      40      34      40      42      55      45      39      53      39      58      66    2089    7100 
 17426      467      38      33      29      42      34      40      39      36      46      44      39      54      40      51      54      55      52      56      65      72    2245    6836 
 38554      471      32      33      37      38      33      46      40      31      45      47      38      43      40      50      23      35      52      56      50      69    2504    6658 
 39909      474      40      35      21      34      30      35      45      40      32      37      28      52      33      43      60      48      55      50      69      64    2113    7036 
 21220      476      41      36      32      37      37      38      38      42      46      42      51      56      48      45      66      61      59      68      62      74    2301    6720 
 52977      478      31      44      39      31      44      46      48      36      53      41      36      50      51      46      45      63      62      42      51      61    2164    6916 
  6551      479      31      42      24      49      33      36      31      42      37      47      35      26      50      46      42      42      44      55      43      59    2271    6915 
  1750      481      37      30      33      40      37      45      35      44      42      35      40      48      33      48      55      43      58      57      55      76    2163    6946 
 38174      483      42      46      35      31      40      39      28      39      42      33      36      59      40      55      57      59      60      56      61      64    2324    6754 
  1958      488      33      52      35      43      35      32      41      46      49      41      49      55      32      37      50      55      46      54      61      63    2235    6856 
 64865      488      51      42      34      49      40      35      26      43      44      42      50      47      50      45      45      56      56      66      62      71    2274    6772 
 11684      495      38      51      45      48      48      53      40      51      50      47      42      57      46      47      52      48      63      65      73      65    2365    6606 
 21212      496      40      39      25      42      32      49      47      38      45      43      44      46      55      58      46      64      70      48      55      73    2235    6806 
 18481      497      28      41      31      48      37      42      33      29      35      40      51      52      42      59      52      58      53      65      53      64    2119    6968 
 13482      498      30      40      37      45      44      45      52      34      42      56      39      64      58      50      51      65      56      57      68      52    2346    6669 
 15792      502      27      36      40      42      30      40      36      51      49      59      44      54      41      45      47      54      48      65      61      57    1987    7087 
 18846      503      33      31      50      52      56      48      46      34      47      60      51      56      57      57      65      69      47      68      54      76    2228    6715 
 19695      503      44      36      34      48      42      43      46      39      38      36      39      50      35      60      49      66      59      58      47      72    2164    6895 
  5017      505      37      28      43      30      44      45      42      69      53      42      56      43      48      54      63      46      48      70      59      60    2248    6772 
  9936      505      45      45      48      52      50      31      57      47      54      53      41      44      50      60      53      58      56      61      66      77    2404    6548 
 12799      506      40      32      47      44      48      45      42      43      39      47      42      43      65      56      57      52      61      65      59      72    2280    6721 
 35626      507      39      40      41      41      17      40      54      37      43      46      43      54      48      32      45      53      47      48      76      58    1947    7151 
 28670      508      47      34      55      39      39      36      55      37      37      43      45      53      57      53      54      78      34      68      60      51    2454    6571 
 28910      508      32      49      38      35      38      47      31      42      35      40      42      48      42      53      56      52      58      59      48      51    1990    7114 
 52621      509      31      41      46      39      45      43      49      49      47      41      49      53      58      53      54      50      55      49      72      55    2222    6799 
 16162      512      45      56      46      37      54      34      51      46      42      51      60      66      52      39      50      53      62      59      70      61    2394    6572 
 37952      513      36      40      45      45      38      44      40      46      51      32      33      33      50      43      64      43      55      44      38      66    2023    7091 
 53488      518      34      43      57      42      50      54      49      43      55      46      62      54      65      53      68      54      54      60      76      61    2404    6516 
 31880      519      68      47      45      49      43      55      38      50      49      56      55      45      62      67      68      65      59      65      75      74    2345    6520 
  2246      520      32      43      46      49      50      54      51      51      42      32      51      47      45      52      52      60      53      45      54      69    2069    6953 
 11304      521      39      44      46      38      45      50      52      48      40      46      43      41      41      48      47      50      53      43      62      69    2146    6909 
 53298      521      28      34      35      41      32      37      47      41      49      42      47      40      62      52      47      44      56      56      58      38    2262    6852 
 29710      521      48      49      41      47      50      49      41      42      44      52      45      50      52      44      55      51      47      67      55      61    2514    6496 
  9803      523      35      39      48      37      37      38      39      47      45      34      51      44      51      45      40      40      42      54      50      55    1974    7155 
 11551      523      50      41      42      43      38      42      44      50      34      42      47      50      44      60      53      59      49      52      65      51    2393    6651 
 30452      524      38      51      51      45      35      47      49      49      54      36      34      44      53      48      61      57      55      63      57      55    2339    6679 
 38349      526      37      32      36      45      42      36      35      50      37      56      42      51      45      53      46      60      49      57      46      52    2210    6883 
 39883      526      49      44      45      40      50      49      56      44      49      55      60      61      60      59      54      60      58      68      72      59    2222    6686 
  9084      527      46      37      53      46      55      47      54      57      59      68      69      58      58      67      58      56      61      56      63      49    2456    6427 
 34306      529      39      37      50      45      55      48      58      50      55      54      47      61      54      54      80      55      68      65      62      59    2316    6588 
  4622      532      51      37      36      43      53      56      54      44      46      46      57      42      49      44      47      50      53      54      49      67    2357    6665 
 30841      532      30      37      43      44      57      46      45      40      55      28      37      43      38      48      39      44      55      49      45      47    2051    7079 
 25544      538      64      53      56      45      43      54      58      58      52      48      53      56      57      59      60      75      56      61      67      53    2194    6678 
  4028      543      52      49      61      46      56      52      52      51      59      72      47      42      56      60      60      59      65      78      67      59    2453    6404 
 53348      549      49      59      53      58      55      49      47      65      70      48      69      55      59      51      61      70      68      64      64      55    2375    6456 
 20487      550      51      50      47      57      62      46      53      40      39      58      55      49      67      57      72      64      85      65      64      65    2430    6424 
 38471      550      34      58      44      41      31      48      49      58      39      66      72      68      71      61      68      68      74      62      63      68    2314    6543 
 26419      555      44      53      55      51      55      51      48      62      60      62      53      62      74      77      61      62      47      55      70      57    2213    6628 
 38265      557      50      54      53      46      55      55      53      63      46      50      66      65      67      60      65      56      59      57      52      60    2313    6555 
 11072      559      52      60      51      49      67      53      65      62      62      72      69      47      71      61      59      66      62      63      71      70    2664    6104 
 27862      559      46      38      49      53      50      57      44      52      51      50      47      48      55      52      54      65      60      49      63      54    2402    6561 
 67611      563      42      54      39      45      60      39      40      40      50      66      56      51      45      46      63      46      49      51      60      54    2114    6890 
 38695      565      55      50      42      51      37      54      62      47      50      49      71      48      57      51      52      71      57      69      61      55    2367    6544 
 26922      569      55      62      62      61      55      62      61      52      61      56      69      61      60      69      64      46      62      66      59      70    2360    6427 
 39248      572      42      51      49      57      58      50      42      46      54      53      60      47      61      58      55      48      54      45      42      45    2111    6872 
 52852      578      61      60      59      54      48      67      59      74      64      66      53      64      61      71      69      61      68      50      67      60    2316    6448 
  6320      578      50      52      67      62      58      63      65      61      60      56      54      71      58      63      60      67      67      58      74      63    2311    6460 
  7286      578      50      43      38      49      63      63      55      47      50      50      54      57      70      58      50      46      48      53      49      37    2084    6886 
 37861      578      39      43      56      73      64      60      59      59      65      69      73      71      56      59      66      86      68      61      58      43    2276    6496 
 17046      581      61      56      60      64      58      57      47      58      65      55      61      68      59      70      46      65      63      77      56      56    2100    6698 
 35485      587      49      63      64      71      56      68      76      84      57      80      84      66      60      60      77      61      66      77      76      41    2576    6088 
 36269      587      49      67      50      58      53      56      57      63      59      61      66      54      62      58      74      72      65      57      70      57    2348    6444 
 53041      589      62      75      62      67      68      61      66      75      63      60      78      59      63      63      66      81      68      72      65      56    2653    6017 
 13656      591      52      55      53      64      50      64      64      68      52      58      61      48      60      59      52      52      44      51      65      52    2331    6545 
  1842      594      50      54      60      59      63      60      63      70      58      63      67      43      60      51      68      41      54      57      64      38    2336    6521 
 39701      597      71      57      62      70      62      60      79      74      65      76      76      65      76      57      54      80      82      73      56      47    2587    6071 
  6759      617      67      78      74      68      87      66      57      59      73      65      62      71      72      62      72      64      70      57      70      60    2732    5914 
 42382      617      66      62      53      60      69      51      74      54      51      61      72      66      67      63      61      62      70      63      57      46    2134    6638 
 36954      618      62      62      72      52      60      62      64      52      66      65      59      69      60      57      64      56      61      49      53      42    2168    6645 
  4994      620      68      66      55      78      64      62      52      65      58      66      60      79      57      66      54      65      53      50      64      54    2449    6315 
 52647      620      67      50      72      60      64      70      67      61      63      79      73      65      70      57      56      61      48      64      62      55    2477    6259 
 34363      621      75      68      81      57      72      69      73      69      75      61      82      69      73      75      74      74      57      56      60      55    2399    6226 
 17756      634      52      66      59      63      64      68      55      54      60      66      56      59      75      65      79      53      60      48      35      55    2274    6534 
 42051      635      68      75      67      61      74      76      68      85      70      74      68      63      87      93      71      74      69      79      58      51    2518    6051 
 17301      640      73      80      82      83      69      75      71      82      82      90     102      65      69      72      69      73      72      67      56      51    2696    5821 
  6791      643      78      69      57      72      88      83      75      74      63      58      75      92      69      82      81      59      69      62      63      64    2632    5935 
 53850      644      62      67      78      78      79      62      58      69      63      60      74      67      74      77      57      69      62      59      51      49    2233    6452 
  5751      645      83      72      64      80      63      88      81      66      84      69      89      66      62      77      74      58      65      84      68      45    2444    6118 
 23838      645      68      55      65      72      79      50      66      60      59      53      54      65      69      74      53      57      74      58      45      51    2209    6564 
 24208      647      79      74      63      76      81      65      79      71      75      77      58      74      76      81      51      80      75      78      59      53    2387    6188 
 23242      650      55      70      71      67      75      51      61      73      73      61      70      53      67      62      64      85      75      66      56      29    2392    6324 
 21287      651      82      62      65      65      67      91      64      64      78      67      69      71      72      58      78      52      57      56      45      41    2227    6469 
 33472      653      74      78      68      66      70      75      82      88      61      71      70      93      87      80      71      66      73      68      53      65    2692    5849 
  4143      662      82      91     108      87      94      91      73      63      87      85      95      87      79      67      86      90      60      68      48      36    2765    5658 
 34272      664      88      81      90      92      85      87      89      91      86      76      73      82      85      76      83      71      67      59      70      40    2383    6046 
 16345      665      69      78      92      70      69      69      67      82      90      94      78      62      84      73      83      88      50      68      64      57    2413    6100 
 28712      669      81      77      88      79      76      97      82      88      99      83      81      73      88      81      71      78      62      68      65      38    2565    5880 
 18507      674      80      89      81      76      75      74      97      82      75      75      70      69      62      81      75      61      50      61      52      36    2588    5991 
 52696      675      76      79      82      87      70      86      75      69      70      68      62      88      88      73      70      78      55      60      63      36    2281    6284 
  4127      678      78      80      67      74      82      55      87      77      71      75      83      81      60      63      53      54      64      61      52      39    2237    6407 
  2220      683      87      73      75      84      80      91      79      87      88     104      88      71      81      91      82      57      78      65      57      49    2439    5994 
 22947      683      69      88      91      73      83      74      84      64      80      69      75      68      72      62      61      65      59      45      47      33    2498    6140 
 52878      686      87      68      72      69      86      83      73      76      80      77      77      75      72      80      87      88      74      55      52      41    2628    5900 
 36020      687      89      73      92      69      88      88      84      84      83      79      83      79      72      92      84      70      61      72      57      45    2455    6001 
 28373      688      87      73      76      86      72      64      70      65      77      61      78      66      67      90      67      55      67      57      47      40    2482    6153 
 52803      693      86      83     102      88      94      92     100      87     106      97      92      98     113      80      72      78      80      72      53      54    2581    5692 
  8300      695      79      79      61      88     112      91     104      79     106      99      72      95      81      94      86      66      83      66      66      40    2468    5885 
  1149      698      90      78     117      79      96      79      98      93      87      77      86      95      85      75      84      85      66      61      65      45    2541    5818 
 38653      712      78      85      75      86      80      87      78      87      77      96      84     112      70      80      78      64      68      74      61      47    2524    5909 
 53371      723     113     108      95      93      98     107     100     103     104     102      90     107      77      81      98      66      88      81      72      47    2550    5620 
 26906      725      99      96      93      83      64      99      93      85      99      78      83      79      94      68      77      88      67      56      62      33    2502    5902 
 53439      725      84      89      88      94      87      80      95      91      93      92      99      77      97      63      89      71      76      62      49      44    2382    5998 
 20255      727      89     119      98      94     101      98     102     104      93      92     103      82      83      98      77      87      96      81      53      48    2536    5666 
  5207      735      97      98     107      92     115      90     119      96      94      93      87      93      87      86      97      86      86      71      63      43    2721    5479 
  2675      742      99      94      93     119     103      92      86      93      79      84      94      96      83      89      86      78      79      57      54      35    2656    5651 
 37291      752     105      93     105      97      92      79     107      98     101     105     104      86      63      75      79      87      72      65      62      35    2558    5732 
 27995      758     123      90      83      95      73      74      89      92      85      80      81      65      92      70      74      77      72      49      59      41    2434    6002 
  4812      776     134     111     125     134     126     131     104     113     103     111     130      98     101      82      87      87      74      68      55      33    2721    5272 
 17004      781     137     129     120     134      93      93     127      97      91     107      83     103     108      86      93      84      82      57      44      38    2515    5579 
  1792      783     114     107      96     104      94     106      98     104     100     106      77      94      83      70      96      70      73      59      63      30    2340    5916 
 36897      786     124     124     113     101     124     109     109      77     103      95     118     110     116      77      94      74      73      64      56      35    2645    5459 
  8722      798      93     122     112      84     104      95      87      81      94     102      83      96      77      86      83      77      76      63      53      36    2396    5900 
 52639      809     118     103     121     104     116     112     106     116      94     122     107     108      99      83      93      88      89      75      39      28    2695    5384 
139311      809     114     115      94      87     123     112      97     107      99     107     101      85      89      79      79      61      74      74      53      26    2382    5842 
 14621      818     135     121     106     124     130     110     101     114     112      86      99      89      93      90      85      66      64      54      50      39    2397    5735 
 13920      832     138     160     141     129     127     124     130     142     104     111     108      92     112     119      88     113      80      69      49      27    3015    4822 
  2154      847     170     155     140     136     155     159     148     146     141     131     113     119      99      87     106      82      83      80      61      44    2624    5021 
 31393      877     147     141     144     155     138     129     131     140     136     118     110     124      92     117      89      90      81      69      54      24    2654    5117 
 32755      881     139     129     134     151     148     131     128     134     115     112     125     123      97      99      80      86      78      57      48      28    2492    5366 
  2303      898     141     173     142     151     146     152     115     138     143     141     125      99     108     112      97      78      64      58      54      24    2644    5095 
  7054      900     149     145     171     137     139     141     112     119     119     140     114     109      95      90      80      78      63      59      63      25    2830    5022 
 22178      903     179     160     167     171     168     159     153     134     108     130     138     113     113     112     118      93      81      53      43      26    2797    4784 
   463      937     167     165     155     182     174     182     156     151     182     150     145     115     132     113      95     103      86      72      43      28    2625    4779 
 16941     1544     518     493     480     397     330     309     294     252     249     223     172     139     117     110      72      74      46      26      15      10    2428    3246 
