 52928      180       1       3       3       2       1       3       1       4       6       3       3       6       8       5       5       9      12      12      23      71    1263    8556 
 60764      202       2       5       7       7       3       5       5       7       8       8       6       3      10      15       6      11      14      19      32      76    1378    8373 
 52654      287      11      13      15      19      13      11      10      15      12      21      16      17      22      21      25      25      28      34      33      81    1828    7730 
 52787      290      11      21      15      15      19       8      10      15      12      10      21      11      15      21      17      23      36      35      47      74    1782    7782 
 10769      310      15      16      15       8      13      13      13      12      19      19      20      16      19      27      21      19      30      28      46      72    1854    7705 
146480      319      13      15      10      10       9      21      18      15      16      20      20      28      11      25      28      26      28      37      44      62    1733    7811 
 37663      327      26      11      16      13      24      22      19      18      21      28      26      16      22      30      23      36      40      41      49      92    1958    7469 
 37671      331      13      15      13      18      18      18       9      23      34      34      26      21      27      27      30      36      37      34      65      97    2186    7219 
 12450      339      21      21      27      18      16      22      19      29      20      37      21      24      22      24      31      30      41      50      76      74    2067    7310 
 13110      345      21      21      20      16      25      20      19      22      16      22      18      18      30      27      25      32      28      42      44      56    1865    7613 
  9779      357      17      18      14      19      12      18      25      36      24      28      27      20      33      33      37      40      46      47      61      78    2107    7260 
 53033      358      19      25      19      23      14      28      28      21      25      22      31      31      22      34      33      34      27      37      58     102    2049    7318 
  3863      366      16      21      25      24      14      27      29      27      22      33      29      36      29      32      50      41      56      52      58      96    2077    7206 
 24984      366      23      21      18      25      29      30      20      25      23      29      28      32      37      29      41      37      40      44      56      74    2288    7051 
 34264      370      26      13      19      22      24      27      26      27      30      20      24      39      25      31      36      29      51      50      50      78    2112    7241 
  4507      371      15      12      21      30      21      28      30      25      33      23      30      32      34      34      42      37      32      52      57      77    2267    7068 
 11171      372      20      21      22      26      22      24      23      31      23      29      30      22      40      31      31      40      32      31      54      62    2034    7352 
 41319      372      27      21      22      31      30      25      30      22      31      31      38      23      37      39      36      54      49      49      64      75    2176    7090 
 10041      375      18      29      33      27      28      23      27      21      39      29      23      35      29      38      46      41      45      44      48      71    2122    7184 
 26393      378      30      17      24      32      21      26      26      31      27      21      26      42      41      33      40      53      39      42      55      70    2207    7097 
  7211      379      34      30      33      35      29      35      24      36      30      26      26      25      28      46      38      40      58      38      51      82    2126    7130 
 35170      382      32      21      34      22      18      31      34      28      35      29      39      30      37      43      42      49      45      47      68      74    2109    7133 
 17194      385      22      29      23      26      30      24      23      30      25      30      37      19      56      29      40      47      40      59      54      52    2191    7114 
  6619      392      21      22      40      26      32      28      36      35      38      38      41      36      38      37      48      39      48      50      71      75    2379    6822 
 28860      392      14      26      18      24      24      28      33      49      20      38      36      27      33      42      35      37      37      47      68      61    1911    7392 
 19364      394      29      27      30      35      33      25      32      32      21      31      29      36      32      29      36      41      58      52      61      84    2085    7162 
  6635      399      21      28      20      17      35      28      30      25      27      34      33      29      34      28      36      40      37      46      67      63    2002    7320 
  7724      400      24      27      31      31      31      31      29      29      29      39      51      43      47      26      35      33      45      55      68      82    2166    7048 
 33563      401      28      24      20      23      26      28      29      18      32      44      38      28      31      37      35      42      42      52      55      77    1974    7317 
  2576      403      33      30      33      29      27      33      42      32      29      26      38      30      43      33      41      56      49      54      73      78    2170    7021 
 11114      408      29      23      32      32      23      38      34      30      34      32      40      43      35      44      55      47      49      56      54      76    2200    6994 
 18218      413      30      33      22      37      31      33      47      29      35      34      45      36      45      37      60      46      63      53      59      62    2180    6983 
 28076      413      26      31      30      31      32      32      34      33      30      24      24      39      38      34      43      57      46      71      73      73    2250    6949 
 40931      413      28      48      23      33      33      31      30      37      50      47      42      43      45      40      40      52      57      49      54      80    2294    6844 
 28183      415      32      33      35      27      34      40      34      33      37      40      50      48      32      40      64      45      55      69      54      63    2258    6877 
 19661      424      28      29      35      30      28      36      43      41      35      48      44      39      46      44      51      52      46      62      72      72    2169    6950 
 23960      424      32      36      43      30      36      32      49      35      42      44      39      46      49      55      51      40      48      59      64      68    2322    6780 
  6528      427      29      29      28      25      37      25      31      35      43      24      40      39      40      41      41      45      45      57      47      76    2284    6939 
 27896      427      39      29      29      36      34      39      53      38      37      46      37      35      37      43      52      61      40      55      61      95    2460    6644 
 52910      431      39      25      36      55      49      38      39      39      37      48      49      37      35      43      33      42      65      68      56      77    2209    6881 
 17905      431      27      36      34      35      42      37      34      34      45      31      48      34      36      54      40      32      54      48      61      64    2131    7043 
  2568      432      25      21      18      37      27      28      31      32      39      34      36      39      40      49      38      50      46      53      49      74    1965    7269 
 12773      432      34      30      32      37      38      38      44      35      36      26      44      36      50      53      47      36      59      59      63      62    2256    6885 
 34256      432      18      26      32      25      29      34      43      34      37      32      27      45      49      54      52      46      62      52      60      63    2165    7015 
 17343      433      24      35      27      35      33      37      43      50      43      37      30      39      47      49      42      45      47      49      54      85    2298    6851 
 29843      436      45      34      41      24      34      29      36      35      36      43      29      40      45      34      53      39      50      52      70      75    2002    7154 
 25056      447      34      48      35      30      32      47      51      59      45      40      45      60      44      54      51      64      68      67      64      82    2544    6436 
  3830      452      40      34      42      31      29      42      45      44      57      38      45      48      44      47      53      51      63      60      70      69    2381    6667 
 19539      456      39      46      34      33      53      31      43      54      41      56      49      47      57      51      56      55      64      62      71      89    2347    6622 
 22772      456      33      36      34      38      28      39      47      37      36      52      40      42      46      42      32      56      46      53      55      68    2187    6953 
 40055      456      36      40      38      52      53      43      45      46      40      51      60      54      44      55      47      56      63      60      57      71    2331    6658 
 64394      457      35      38      35      46      32      32      41      48      32      46      46      44      52      47      61      49      47      47      55      52    2179    6936 
 20446      464      42      31      34      43      46      40      47      45      42      45      44      49      50      51      69      37      51      56      70      76    2398    6634 
 17426      467      40      52      38      58      49      34      43      36      48      43      45      45      56      43      50      50      63      63      53      58    2367    6666 
 38554      471      44      48      40      37      39      42      43      39      40      42      52      64      46      59      66      52      59      52      65      74    2408    6589 
 39909      474      44      46      40      50      37      50      54      38      49      63      58      57      57      68      48      76      49      61      60      88    2480    6427 
 21220      476      44      45      41      50      42      43      43      45      51      39      52      33      55      43      52      55      45      73      61      70    2455    6563 
 52977      478      45      49      39      43      32      50      41      44      53      55      52      58      50      53      40      64      53      75      70      63    2405    6566 
  6551      479      48      39      41      39      44      36      36      32      47      43      31      45      42      47      54      40      56      60      62      65    2255    6838 
 14027      479      50      47      41      48      49      49      44      60      51      54      69      55      55      60      60      50      59      42      58      66    2659    6274 
 38174      483      42      52      47      50      38      45      43      47      52      56      62      43      45      47      64      56      68      57      67      57    2416    6546 
 64865      488      40      52      53      46      35      52      63      43      36      42      56      45      57      59      66      51      66      55      63      58    2444    6518 
 11684      495      49      51      52      44      55      55      48      55      61      63      59      67      52      77      61      68      69      61      71      73    2407    6402 
 21212      496      42      57      46      60      37      53      46      53      59      53      58      55      44      57      68      64      64      47      73      84    2558    6322 
 18481      497      43      39      33      47      64      42      53      45      43      55      52      53      44      49      45      63      52      67      59      63    2345    6644 
 13482      498      42      49      56      56      42      57      65      51      58      59      57      72      56      59      54      71      62      62      65      85    2683    6139 
 15792      502      48      42      42      41      55      40      47      58      48      48      45      48      47      49      52      50      52      46      69      53    2364    6656 
 18846      503      54      43      43      58      51      45      44      51      43      59      42      50      48      41      55      56      59      49      60      64    2304    6681 
 19695      503      46      38      51      45      53      44      54      50      50      56      62      58      49      58      47      47      55      68      65      61    2434    6509 
  5017      505      57      35      51      53      49      56      45      62      47      54      57      60      51      61      56      59      62      82      62      70    2546    6325 
  9936      505      60      58      59      53      48      50      60      63      63      56      47      55      63      53      75      74      65      70      93      64    2425    6346 
 35626      507      45      70      58      52      52      46      54      58      54      57      53      69      71      68      66      87      55      70      70      89    2494    6262 
 28670      508      60      47      37      68      46      53      46      74      46      63      41      61      59      76      59      56      55      65      87      56    2425    6420 
 28910      508      64      47      52      63      51      52      54      63      70      68      55      58      53      56      67      61      63      77      60      75    2491    6300 
 52621      509      42      52      47      49      46      35      46      51      46      60      58      47      49      63      60      47      50      49      60      48    2332    6663 
 31872      510      48      63      44      50      54      48      46      56      52      51      59      56      61      57      54      67      55      85      48      73    2470    6403 
 16162      512      43      47      59      46      39      41      45      53      68      42      62      61      56      43      58      68      52      50      63      48    2390    6566 
 53207      512      52      49      63      60      64      64      53      63      65      53      57      69      66      63      56      70      57      69      74      69    2458    6306 
 37952      513      56      52      51      53      50      52      50      55      46      52      40      53      49      61      80      61      42      53      61      68    2345    6570 
 53488      518      49      66      56      54      53      68      60      57      68      46      58      44      64      68      60      68      58      69      60      59    2458    6357 
 31880      519      38      64      59      52      63      49      54      59      44      58      40      56      58      51      61      59      61      70      66      53    2231    6654 
  2246      520      44      44      45      43      42      60      54      39      47      63      51      54      59      52      52      50      56      66      53      65    2336    6625 
 11304      521      64      49      60      75      58      64      52      63      61      76      66      54      56      70      66      65      68      84      53      60    2424    6312 
 53298      521      59      65      64      52      68      50      60      69      72      68      43      55      63      71      55      70      71      62      50      55    2476    6302 
 29710      521      50      61      61      51      50      49      52      46      43      47      63      43      57      57      53      60      41      65      52      62    2344    6593 
  9803      523      64      54      60      59      53      56      54      63      61      55      72      56      69      72      75      65      67      68      61      61    2501    6254 
 11551      523      50      47      49      67      52      46      47      60      56      46      62      64      55      58      57      62      69      59      71      64    2539    6320 
 30452      524      61      47      44      57      52      48      46      52      56      58      62      58      63      54      62      58      62      64      68      63    2535    6330 
 38349      526      48      56      40      49      53      46      57      55      61      63      65      57      70      62      61      55      58      66      67      44    2436    6431 
 39883      526      61      71      54      60      56      57      63      68      59      62      54      53      62      65      60      54      64      57      74      58    2522    6266 
 34306      529      60      56      53      46      48      43      56      49      58      69      64      66      48      63      65      70      58      51      71      55    2588    6263 
 30841      532      47      65      55      65      62      59      65      63      64      57      68      63      68      70      65      66      74      68      76      67    2529    6184 
 37994      534      52      43      46      50      59      51      55      45      48      52      61      67      54      60      63      51      53      70      54      62    2360    6544 
 25544      538      70      63      53      51      63      73      51      80      57      50      72      67      75      73      57      88      71      57      60      53    2490    6226 
 23424      540      40      55      51      55      52      48      49      50      56      53      62      60      56      44      66      62      44      58      57      77    2431    6474 
 29637      542      57      36      49      60      53      67      52      52      60      58      68      79      48      69      56      57      54      66      52      58    2314    6535 
  4028      543      60      59      61      64      51      65      61      60      59      53      50      66      57      72      70      66      67      73      43      66    2475    6302 
 53348      549      47      54      50      51      65      55      52      49      54      53      58      67      55      65      59      63      72      65      69      52    2327    6518 
 20487      550      57      58      60      67      63      63      73      58      71      49      71      67      82      67      86      77      78      72      62      53    2553    6113 
 38471      550      66      66      65      61      65      74      79      63      62      63      61      65      74      48      77      66      81      80      69      57    2822    5836 
 26419      555      68      62      74      63      66      65      56      53      54      62      54      55      64      66      69      63      67      68      61      48    2482    6280 
 41848      556      61      63      63      62      58      77      71      59      84      61      73      71      58      57      67      67      76      72      82      71    2534    6113 
 38265      557      65      56      62      52      75      53      52      49      69      70      50      59      61      66      59      64      60      60      62      58    2352    6446 
 11072      559      76      62      68      61      64      69      66      54      66      56      61      49      69      64      71      78      62      59      80      60    2667    6038 
 27862      559      71      75      71      65      68      70      77      64      77      69      58      76      71      62      81      62      66      58      75      48    2566    6070 
 67611      563      64      81      61      51      64      70      75      49      71      62      49      59      66      60      56      48      58      58      39      51    2372    6436 
 38695      565      73      68      60      63      62      55      54      69      70      61      70      68      72      66      66      85      50      70      68      60    2552    6138 
 26922      569      70      41      61      59      62      56      50      64      66      62      72      50      65      54      63      50      70      73      65      61    2471    6315 
 39248      572      76      53      66      77      69      71      70      66      93      89      82      69      80      81      73      79      81      77      61      59    2606    5922 
 68577      573      76      62      64      56      64      78      66      71      66      63      73      66      65      66      83      74      63      74      72      58    2575    6065 
 52852      578      61      63      64      61      93      81      53      63      63      65      55      65      61      71      58      73      77      51      62      67    2680    6013 
  6320      578      45      56      68      85      74      64      80      52      80      65      59      58      77      66      68      85      71      56      73      63    2472    6183 
  7286      578      61      50      57      72      72      76      66      61      67      71      64      70      79      77      63      74      59      81      70      48    2685    5977 
 37861      578      65      71      75      77      71      76      52      71      84      74      76      65      87      66      62      68      69      53      71      76    2586    6005 
 35485      587      87      70      85      77      70      72      56      69      67      82      79      79      75      82      74      75      75      65      70      46    2639    5906 
 36269      587      64      62      66      64      49      64      64      69      60      60      73      53      62      81      67      79      63      65      66      69    2427    6273 
 53041      589      74      82      85      66      75      96      67      74      65      74      69      69      69      54      62      85      60      77      63      56    2681    5897 
 13656      591      81      80      61      80      74      59      88      59      72      66      63      68      75      76      69      72      67      64      58      50    2531    6087 
 39701      597      63      93      60      84      79      71      89      70      79      55      54      60      80      77      87      72      74      69      57      60    2665    5902 
  6759      617      69      72      79      82      66      71      74      71      68      66      75      75      74      55      63      61      70      56      63      44    2547    6099 
 42382      617      74      88      86      89      89      74      83      77      98      78      79      86      88      89      78      82      68      56      72      51    2864    5551 
 36954      618      78      87      82      75     101      85     104      71      73      82      81      76      74      71      58      84      79      72      64      47    2693    5763 
  4994      620      74      93      79      83      74      83      95      79      92      87      78      91      76      79      60      96      65      66      64      47    2681    5758 
 52647      620      83      76      82      84      69      69      79      66      68      75      78      68      63      78      62      77      70      73      77      35    2505    6063 
 34363      621      66      77      95      82      68      86      85      87      83      78      70      74      66      74      74      56      66      64      62      55    2449    6083 
  1701      627      92      81      84      99      88      82      84      97      80      89      92      99      92      81      67      82      77      81      65      59    2784    5545 
 17756      634      85      92      99      86      92      78      73      91      87      70      79      65      65      85      62      68      73      57      52      46    2579    5916 
 42051      635      97      73      90      89      76      82      79      79      79      82      81      77      80      82      68      69      75      87      55      49    2741    5710 
 17301      640      98      76      79      89      99      89     105      79      95      84      87      99      78      91      90      89      87      68      56      60    2969    5333 
 53850      644      90      97     111      84      88      81      74     101      80      73      79      95      81      80      67      64      71      74      76      42    2590    5802 
  5751      645      86      96     108      80      90      87      95      92      97      94      92      87      92      80      78      71      72      71      59      58    2617    5698 
 24208      647      64      82      88      79     100      81      68      82      79      67      69      65      67      77      79      76      73      63      64      32    2478    6067 
 23242      650     100      83      72      83     105      76      82      96      92      75      72      84      88      60      84      67      72      49      52      42    2517    5949 
 21287      651      86      84      89      87      97      91      87      87      88      79      86      82      64      69      73      80      79      65      65      35    2724    5703 
 33472      653     105     104      83      98     105     102      92      91      80      76      90      96      83      72      87      82      78      80      64      45    2711    5576 
  4143      662      95     106     108     110     103     106     106     103      92      88      84      94      91      80      95      91      84      70      70      58    2664    5502 
 13219      664      91      89      94      82      78      96     109      97      91      79      89      87      79      65      86      69      75      50      53      40    2523    5878 
 34272      664     107      99     113      82      91      86      81      81      96      91      85      78      92      68      71      71      79      77      61      51    2717    5623 
 16345      665     106      91      85      83      89     103      93      88      82      78      82      85      86      83      63      70      93      73      56      48    2487    5876 
 18507      674      88      82      79     101     108      77      93      89      81      74      93      80      78      99      85      66      89      64      63      40    2696    5675 
 52696      675     106     100     101      75     100      85      87      92      92      79      95      88      77      97      85      80      73      74      50      30    2423    5911 
  2220      683     117      95     106     107     109     127     117      97     109      82      88     114     107      93     109      92      73      64      67      49    2711    5367 
 22947      683      89      90     105     109      87      81      85      89     100      83      95      89      66      96      87      82      64      82      51      45    2610    5715 
 52878      686     110      81      84      85     116     104      99      99      86     100      78      77      79      72      83      68      61      59      36      37    2632    5754 
 28373      688     136     131     116      84     107      96      98     117      97     114     102     108      80      95      83      79      85      78      62      61    2798    5273 
 52803      693     107     101      90     108     111     123     133     112     108     113      78      94      75      80      91      93      76      55      60      28    2759    5405 
  8300      695     122     119     116     115     119     108     119     121      91      85      91     107     103      90      83      88      83      82      80      37    2790    5251 
  1149      698     111      94     113      92     115      99      79      98      86      86      93      88      88      78      67      59      61      74      56      43    2669    5651 
 38653      712     101      87      96     106     103      99      89      93      83     109      78     101      70      84      72      78      58      65      56      34    2606    5732 
 53371      723     141     111     120     112      98      94      96     108      86      87      83      92     110      93      84      77      75      73      54      33    2702    5471 
 53439      725     112     108     124     109     113     112     108     107     105     108      91      92      95      84      89      81      95      69      60      34    2817    5287 
 20255      727     117     128     151     101     110     131     103     104     106      97     110      83     101      81      86      78      92      70      57      51    2709    5334 
  5207      735     126     132     127     128     117     119     112     109     111     131      91     116     105      97      91      83      82      78      53      49    2734    5209 
 28068      736     125     138     124     126     106     123     140     124     128     125     107     109     107      88      97      85      79      72      70      47    3016    4864 
147538      742     119     131     113     119     144     110     120     123      94     128     108     110      99     102      77      72      69      74      57      51    2811    5169 
  2675      742     129     123     120     102     108     116     113     107     114     114     104     112     106     101      82      73      72      72      50      42    2891    5149 
 37291      752     120     130     130     128     111     120     115     112      94     122     121     123      98      96      92      73      78      69      56      42    2778    5192 
 27995      758     135     159     142     151     116     160      96     120     122     124     135     109     120     120      88      81      77      64      64      43    3011    4763 
  4812      776     121     139     112     116     136     114     116     105     107     118     121     109     112      97      89      77      77      61      56      40    2737    5240 
 37515      780     118     113     127     148     104     102     130     126     107     115     131     104      98      94      96      85      64      57      59      45    2648    5329 
 36897      786     139     148     132     128     111     147     113     127     114      99      89      95      96      97      87      76      80      63      55      28    2699    5277 
 14258      792     137     142     146     122     126     117     121     126     112     125      99     109      99      77      95      67      84      70      34      27    2682    5283 
 52639      809     147     158     157     182     160     155     123     142     130     139     131     126     124     108      99      97      98      70      57      36    2874    4687 
 14621      818     151     143     133     113     133     142     117     125     106     138     127     110     103     108      86      79      71      73      52      28    2721    5141 
 31393      877     190     199     211     169     199     172     177     139     179     142     163     128     117     114      95      98      92      71      44      23    2766    4512 
