 52928      180       3       3       2       0       3       1       3       1       2      11       4       2       7       3       4      10      13      14      21      56    1195    8642 
 60764      202       5       5       5       3       5       8       2       8       5       6       4      13       8       7       5      11       9      14      27      66    1376    8408 
 52654      287       9      14      20      10       7       9      12      15      12      11      18      18      20      14      25      21      22      38      34      62    1918    7691 
 52787      290      13      10      18      11      12      14      11      15      13      15       8      16      23      19      26      28      39      41      44      83    1818    7723 
146480      319      18      16      15      17      12      17      14      13      14      10      17      24      22      26      23      31      29      41      50      72    1825    7694 
 37663      327      14      16      16      23      15      11      20      15      19      21      27      28      21      13      32      40      32      39      43      76    1909    7570 
 37671      331      13      16      22      20      17      17      23      22      22      18      32      33      22      23      28      28      37      37      59      93    1948    7470 
 12450      339      14      16      13      16      16      20      21      13      14      30      26      19      15      20      27      21      32      36      47      71    1731    7782 
 13110      345      23      17      23      18      15      17      29      25      19      36      32      32      21      39      38      37      46      55      51      73    2048    7306 
 29454      346      19      25      14      32      11      19      21      17      22      23      37      30      33      41      26      30      39      51      42      76    1970    7422 
  9779      357      15      25      22      31      16      18      25      26      24      32      28      29      38      36      34      25      30      47      61      66    2020    7352 
 53033      358      16      14      19      24      13      11      21      14      20      23      18      26      23      29      20      30      29      45      37      55    1676    7837 
  3863      366      17      19      21      18      24      29      20      24      20      26      15      25      31      34      38      57      37      44      47      77    1945    7432 
 24984      366      13      15      20      15      12      19      24      20      24      35      30      27      26      15      34      22      23      37      44      76    1876    7593 
  4507      371      20      25      24      22      23      25      28      27      28      37      33      34      42      28      36      44      44      48      44      82    2120    7186 
  5819      372      27      20      24      18      25      24      21      32      20      22      33      28      30      35      39      30      42      39      48      60    2073    7310 
 11171      372      15      14      23      19      23      25      29      25      30      30      22      32      44      41      29      33      46      51      50      79    2125    7215 
 41319      372      13      27      20      16      24      22      16      20      20      21      28      31      29      23      35      37      43      45      61      68    2058    7343 
 10041      375      23      25      30      30      24      28      22      23      29      18      26      27      27      27      49      35      43      74      54      74    2032    7280 
 26393      378      19      13      27      23      15      19      13      21      25      25      27      28      23      33      27      33      32      49      48      56    1853    7591 
  7211      379      24      30      17      23      21      25      28      25      33      30      33      31      29      36      50      42      36      43      68      76    2077    7223 
 35170      382      16      21      22      24      24      36      25      29      35      33      27      38      25      38      31      43      49      45      66      81    1972    7320 
 17194      385      22      30      24      23      32      21      22      41      38      46      36      38      36      36      36      35      63      54      61      71    2127    7108 
 28860      392      18      22      27      28      24      27      33      32      29      36      28      25      33      33      58      44      38      61      62      88    2101    7153 
 37564      392      25      32      34      24      24      22      36      33      30      35      33      36      37      29      42      54      46      57      74      80    2161    7056 
 19364      394      15      21      29      35      40      32      40      35      36      40      42      39      34      38      44      49      42      50      61      86    2187    7005 
 22418      395      24      21      21      19      29      29      22      25      25      20      29      28      41      35      35      32      49      45      57      60    1910    7444 
  7724      400      33      22      34      24      37      28      37      32      29      30      35      40      43      49      32      45      32      49      47      76    2104    7142 
   315      401      22      34      30      20      43      28      36      24      31      40      27      34      40      39      41      38      53      37      60      77    2082    7164 
 33563      401      24      26      35      24      24      31      49      34      36      42      47      32      41      38      39      44      43      51      62      54    2047    7177 
  2576      403      26      27      28      23      29      32      29      28      30      26      34      33      37      46      47      43      39      53      61      84    2262    6983 
 38042      404      30      35      25      31      26      37      35      32      46      32      38      32      45      37      43      58      56      47      63      77    2273    6902 
 11114      408      23      26      27      22      14      28      32      23      33      28      30      39      34      31      29      35      43      65      47      54    1982    7355 
 28076      413      26      25      32      21      17      28      32      23      29      24      35      33      27      42      32      41      41      44      64      59    1992    7333 
 40931      413      24      36      20      31      36      42      39      31      38      25      32      32      41      39      43      44      45      49      54      66    2074    7159 
 28183      415      29      28      17      30      29      28      20      32      38      27      36      37      50      31      39      31      34      49      41      71    1981    7322 
 19661      424      22      18      26      45      25      37      24      36      34      31      28      35      25      37      31      48      45      46      59      54    1885    7409 
 23960      424      36      31      40      32      31      29      34      37      44      36      34      36      47      50      46      49      58      48      59      80    2113    7030 
 98590      427      21      29      34      32      35      38      36      38      46      41      41      43      38      41      41      63      50      43      51      73    2175    6991 
  6528      427      32      27      39      29      30      30      32      24      37      37      29      30      34      25      32      33      40      39      45      69    2112    7195 
 27896      427      31      33      37      39      25      33      39      34      37      34      38      44      37      40      50      50      49      54      77      70    2253    6896 
 52910      431      20      27      27      34      28      21      32      25      36      24      32      19      32      38      29      48      44      53      68      61    1867    7435 
 17905      431      36      28      33      27      40      32      37      40      31      44      38      44      32      47      54      48      55      54      55      57    2194    6974 
  2568      432      33      24      32      25      40      30      36      45      47      42      49      48      33      42      47      53      53      50      58      95    2158    6960 
 12773      432      24      39      37      38      34      17      42      48      35      35      30      32      38      43      38      48      52      59      53      64    2210    6984 
 34256      432      34      28      28      37      36      29      35      31      37      42      45      47      34      50      33      54      44      62      52      76    2055    7111 
 17343      433      29      28      33      32      37      48      37      27      36      52      45      46      42      56      39      64      53      62      47      71    2311    6805 
 29843      436      23      24      37      35      28      40      38      35      27      37      37      38      52      48      57      42      53      55      63      70    2193    6968 
 32763      436      28      26      41      29      34      34      34      41      26      46      35      54      43      42      46      55      63      43      56      85    2204    6935 
 25056      447      29      41      40      28      41      40      36      34      44      33      30      59      42      48      45      44      50      55      56      69    2224    6912 
  3830      452      46      42      45      30      37      26      33      50      43      34      42      46      43      44      60      42      53      64      52      77    2313    6778 
 19539      456      46      32      45      37      35      42      42      40      47      48      43      50      46      46      47      61      65      64      63      70    2316    6715 
 22772      456      41      47      42      45      41      47      49      49      41      51      53      50      54      54      52      48      56      60      84      76    2378    6582 
 40055      456      27      29      28      28      35      37      40      34      31      30      38      43      42      48      45      44      52      47      59      67    2148    7048 
 20446      464      31      31      34      40      31      27      34      36      41      35      36      26      42      35      47      42      45      49      50      43    2036    7209 
 17426      467      38      41      41      34      29      43      52      35      34      73      44      42      41      41      47      64      61      49      62      70    2172    6887 
 38554      471      35      51      42      48      38      40      34      36      46      49      47      49      56      64      54      56      53      61      65      78    2315    6683 
 39909      474      34      48      38      41      47      47      30      39      49      49      40      53      43      57      60      48      56      56      62      42    2350    6711 
 21220      476      47      46      36      32      56      46      33      45      50      40      51      44      42      48      52      45      61      57      55      73    2329    6712 
 52977      478      40      33      51      50      48      35      44      44      55      38      60      54      67      57      56      54      58      60      57      72    2373    6594 
  6551      479      42      50      51      34      51      37      35      41      38      41      39      50      43      46      50      52      56      59      69      79    2337    6700 
  1750      481      44      34      50      51      52      56      54      42      36      58      48      56      64      57      43      59      66      57      71      76    2470    6456 
 38174      483      59      51      44      32      47      54      42      38      52      48      57      60      43      44      51      39      69      49      50      60    2336    6675 
  1958      488      57      45      40      48      37      43      34      35      38      48      53      45      48      50      48      59      73      61      73      68    2291    6706 
 64865      488      53      43      40      47      55      54      50      47      52      44      41      46      45      48      74      67      51      60      62      88    2447    6486 
 11684      495      39      29      40      41      53      42      43      39      41      41      41      40      39      52      45      69      61      58      54      62    2269    6802 
 21212      496      60      46      50      45      56      50      54      53      42      51      46      46      65      50      39      45      72      57      74      53    2434    6512 
 18481      497      43      48      50      48      43      50      52      50      39      49      46      57      63      64      68      40      55      54      76      63    2484    6458 
 13482      498      50      45      55      52      55      48      47      46      43      49      61      69      56      63      50      69      54      85      82      76    2453    6392 
 15792      502      48      51      47      41      41      44      51      51      42      61      57      54      41      58      60      66      71      62      63      74    2377    6540 
 18846      503      45      55      53      40      53      43      46      56      58      44      42      51      55      58      53      59      70      68      64      80    2299    6608 
 19695      503      57      50      50      45      57      58      39      59      68      56      50      79      56      65      54      51      59      65      77      62    2434    6409 
  5017      505      41      58      52      35      54      55      43      43      53      57      55      67      76      65      46      63      59      49      74      55    2374    6526 
  9936      505      40      48      47      34      42      44      49      40      50      55      41      45      59      56      57      60      69      61      44      60    2342    6657 
 12799      506      37      62      44      54      46      60      51      47      67      56      57      58      53      62      52      54      56      63      65      68    2413    6475 
 35626      507      46      54      47      35      42      43      44      43      38      47      53      48      50      48      41      50      53      54      54      55    2206    6849 
 28670      508      51      54      49      57      45      41      49      49      58      66      64      57      68      58      68      61      77      73      76      64    2470    6345 
 28910      508      51      46      70      48      56      51      45      55      56      57      57      73      71      63      69      85      73      79      67      75    2550    6203 
 52621      509      44      48      46      51      61      51      55      45      54      66      48      51      51      56      57      64      74      56      64      64    2303    6591 
 31872      510      50      52      45      54      42      42      60      58      56      49      54      45      58      51      65      51      63      80      66      65    2351    6543 
 16162      512      55      49      43      62      51      50      57      50      58      60      54      51      71      53      57      60      62      53      52      63    2338    6551 
 53207      512      50      40      50      37      53      43      51      53      58      41      61      50      63      52      54      58      59      52      71      51    2325    6628 
 37952      513      64      56      68      40      58      64      70      54      70      57      52      59      60      70      67      61      62      74      76      63    2562    6193 
 53488      518      41      41      46      36      48      37      51      44      51      39      38      56      37      59      53      38      54      55      42      47    2120    6967 
 31880      519      40      41      41      41      38      41      55      61      50      43      60      45      54      50      41      44      53      64      40      33    2308    6757 
  2246      520      49      57      52      68      57      50      54      66      59      65      68      72      49      73      69      60      58      69      78      72    2500    6255 
 11304      521      41      37      54      55      40      42      53      55      37      44      53      60      55      64      46      53      39      51      57      54    2280    6730 
 53298      521      42      38      45      38      42      36      54      47      51      37      38      40      47      39      48      51      54      47      54      44    2130    6978 
 29710      521      38      41      50      43      48      45      55      41      46      43      42      58      49      38      38      63      49      54      72      49    2278    6760 
  9803      523      55      41      37      58      52      47      47      43      46      49      49      41      57      55      47      60      51      65      55      51    2248    6746 
 11551      523      61      61      72      54      62      65      56      58      40      50      50      55      61      53      56      64      64      64      64      64    2432    6394 
 30452      524      55      51      50      51      63      38      55      59      43      49      46      51      45      56      62      54      65      56      60      55    2255    6681 
 38349      526      50      54      34      38      53      46      43      53      51      52      50      53      47      49      59      67      63      48      48      53    2212    6777 
 39883      526      57      49      51      56      52      56      54      46      57      45      55      68      67      61      60      61      56      51      76      59    2367    6496 
  9084      527      43      61      50      39      36      53      55      51      56      58      61      54      47      63      45      54      50      70      50      75    2290    6639 
 34306      529      44      52      50      61      56      62      54      54      67      46      65      59      65      67      57      62      60      70      59      70    2462    6358 
  4622      532      45      51      47      59      63      53      64      63      60      61      53      68      68      67      76      56      61      52      63      70    2398    6402 
 25544      538      63      38      42      50      58      53      67      50      55      53      61      56      52      61      51      60      67      64      74      50    2403    6472 
 23424      540      56      44      62      44      44      35      51      51      46      63      34      50      41      54      60      49      54      45      50      50    2090    6927 
 29637      542      54      58      56      72      48      57      49      52      70      66      70      57      63      62      71      70      81      61      63      63    2421    6336 
  4028      543      45      65      54      54      53      44      70      75      65      73      59      57      62      58      66      70      64      65      63      43    2422    6373 
 53348      549      59      61      57      53      60      69      58      68      50      65      67      57      65      75      65      65      65      79      73      56    2426    6307 
 20487      550      57      59      61      55      59      65      74      61      62      58      69      72      76      68      61      68      69      53      74      63    2441    6275 
 38471      550      53      81      60      51      73      80      72      77      69      61      70      60      69      61      80      87      70      75      60      62    2691    5938 
 26419      555      61      57      70      62      70      73      58      55      72      54      57      56      73      70      67      59      65      64      57      61    2632    6107 
 38265      557      54      55      61      60      52      76      50      61      54      66      47      57      58      55      71      70      72      68      56      67    2442    6348 
 11072      559      49      67      67      44      61      63      65      77      70      72      75      68      63      74      72      81      70      77      63      60    2633    6029 
 27862      559      50      65      59      52      55      66      55      76      67      63      71      73      68      56      59      74      56      60      61      67    2548    6199 
 67611      563      56      62      51      42      47      48      41      52      50      54      53      49      48      63      48      52      57      56      57      46    2178    6790 
 38695      565      68      56      49      62      64      68      58      50      63      62      60      64      53      72      64      69      63      60      65      43    2439    6348 
 26922      569      58      72      64      68      64      64      70      82      72      61      63      74      64      66      65      70      75      53      57      54    2442    6242 
 39248      572      64      77      63      65      66      59      76      65      84      75      62      70      66      70      59      70      63      71      74      54    2486    6161 
 68577      573      57      73      49      79      67      59      64      72      67      61      76      79      66      68      69      60      68      67      62      58    2626    6053 
  6320      578      62      72      78      74      65      68      78      48      66      62      62      59      62      74      74      71      56      76      64      39    2416    6274 
  7286      578      64      56      68      70      66      61      56      70      51      86      80      73      68      74      63      76      61      56      68      61    2539    6133 
 37861      578      81      76      81      93      72      82      56      70      45      80      70      75      64      81      77      69      58      68      58      66    2622    5956 
 17046      581      85      63      65      65      73      72      77      74      68      69      73      62      76      74      72      67      70      64      79      70    2554    6028 
 35485      587      69      84      63      75      72      71      59      76      57      69      77      75      81      78      73      75      79      65      71      56    2531    6044 
 36269      587      66      49      58      66      68      74      60      67      73      78      78      72      73      77      46      78      76      74      71      62    2469    6165 
 53041      589      77      87      54      92      75      85      73      76      66      86      76      69      95      87      55      79      77      63      77      61    2623    5867 
 13656      591      74      65      78      62      69      68      72      67      66      76      58      64      71      72      74      74      79      72      65      46    2546    6082 
  1842      594      74      48      67      62      59      70      66      78      75      54      55      59      58      56      65      54      67      68      69      45    2417    6334 
 39701      597      76      70      64      70      71      66      64      71      52      58      78      53      62      56      65      55      60      63      41      42    2394    6369 
  6759      617      91      90      79      86      84      74      71      68      71      86      76      87      77      73      86      84      79      63      82      52    2752    5689 
 42382      617      97      84      73      82      76      90      95      73     100      78      70      82      84      76      90      80      60      60      57      51    2551    5891 
 36954      618      76      72      68      58      73      74      69      73      72      79      63      56      50      78      64      47      56      62      52      48    2358    6352 
  4994      620      80      65      69      76      85      78      77      95      66      82      70      78      82      81      85      83      69      63      41      55    2601    5919 
 52647      620      73      67      66      55      61      65      68      64      55      55      66      55      55      58      58      49      50      67      58      40    2287    6528 
 34363      621      80      71      80      94      66      71      74      69      84      80      78      86      74      72      63      77      65      64      66      43    2549    5994 
  1701      627     112      79      71      82      85      77      66      76      85      71      67      85      79      79      62      79      67      68      70      47    2558    5935 
 17756      634      76      95      88      90      88      83      87      82      87      91      85      79      81      82      61      72      60      61      69      49    2679    5755 
 42051      635      66      86      77      92      87      88      68      84      83      83      77      64      79      86      82      70      87      69      65      54    2609    5844 
 17301      640     104      75      91      99      77      89      98      69      97      82      60      69      96      83      81      86      67      75      64      53    2585    5800 
  6791      643      84      86      72      83      73      99      99      98     100      99      88      88      80      73      68      70      71      74      65      46    2607    5777 
 53850      644      56      80      71      70      82      60      75     101      81      46      71      70      65      75      71      61      49      69      47      27    2253    6420 
  5751      645     116      90      95     113      86     103      84      89      94      85      93      86      77      81      80      77      72      63      60      44    2728    5584 
 24208      647      79      93      78      63      66      71      74      70      74      84      72      88      69      58      59      70      73      55      55      36    2490    6123 
 23242      650     101     105      89     107     107      91     106      85      87      96     100      76      80      85      88      86      95      65      59      55    2805    5432 
 33472      653      75      62      81      81      88      70      89      68      73      78      76      80      58      73      70      58      62      53      50      33    2329    6293 
  4143      662      86      59      73      90      76      64      74      84      66      70      67      69      61      62      74      65      62      58      65      31    2324    6320 
 13219      664      82      77      76      97      66      90      85      61      70      79      74      74      73      50      74      69      72      47      45      31    2273    6335 
 34272      664      92      93     107     102     113      95      89     118     103      88      79      85      84      78      83      82      84      63      59      52    2764    5487 
 28712      669      92      97      88      91     104      97      91      92     107      88     101      96      88      68      88      65      76      80      51      49    2645    5646 
 18507      674      85      90     111      97     109      89     103      99      95      72      94      92      96      88      98      73      81      59      69      42    2600    5658 
 52696      675     103     118     118     104     107     115     103      87     104      94      94      71      98      87      85      85      76      59      54      54    2766    5418 
  2220      683     123     101     106      97      96     100      95      98     103      84      97      93      96      74      87     106      81      71      70      41    2706    5475 
 22947      683     107      98     110      88     126      84      98     115      89      93      95      99      83      90      93      76      60      60      67      42    2720    5507 
 52878      686     107     104     125     113     120     119     104     100      98      96     106     103     107      92      81      91      95      86      59      51    2781    5262 
 28373      688      87      86      81      86      71      78      82      81      82      78      72      75      86      76      73      73      66      74      67      42    2472    6012 
 52803      693     109     110      91     110      91      96     101     100     115     103      97     104      90      69      85      82      75      71      73      43    2689    5496 
  8300      695     102     110     105     102     101      89      98     111      98     119      89      99      76      70     104      70      84      85      62      39    2784    5403 
  1149      698      84      94      80      99      82      90      84      99      85      85      81      76      74      77      66      58      56      58      47      43    2308    6174 
 38653      712      97     110     110     124     126     104     116     105     116      94     104      94     101      98      72      87      72      76      49      43    2727    5375 
 53371      723     118      94      99     105     109      94     110      90     113      83      83      72      82     100      57      77      60      63      46      45    2449    5851 
 53439      725     117     115     114     109     103     105     107      93     103     102      99      91      97      89      90      83      67      82      42      47    2666    5479 
 20255      727      98     117     105      86     103      85      93      90      83      91      97      76      76      73      75      63      71      49      39      40    2499    5891 
  5207      735     116     116     133     124     112     131     109     110      89     110      98      98     107      95      84      80      72      61      50      39    2647    5419 
 28068      736     148     122     117     131     116     126     112     112      94      91     108     107      99      93     102      73      95      67      68      38    2588    5393 
147538      742     111     105     114     108      94     102     113      92     101      91     136      73      90      73      75      63      60      44      48      36    2588    5683 
  2675      742      92     101      94      89     110      95      92     110      83      83      91      92      85      79      72      66      41      56      51      41    2386    5991 
 68536      752     102     127      99     102      98     122     130     101     122      80      91      90      77      84     103      76      55      74      49      38    2547    5633 
 37291      752     135     126     147     132     116     133     109     109     105     128     109      80      97      97      92      81      67      81      54      41    2690    5271 
 27995      758     128     105     121     155     144     130     132     127     118     115     102      87     123      93     105      95      85      79      57      35    2866    4998 
  4812      776     150     163     137     136     151     144     138     145     124     113     127     102     115     130     126      76      90      70      70      37    2830    4826 
 37515      780     150     126     124     112     117     113      86     104     101     113      99      97      72      81      91      80      69      60      41      29    2584    5551 
 36897      786     109     108     125      98     127     108      90      96     100      86      96      76      79      90      96      62      47      51      37      33    2490    5796 
 14258      792     166     151     138     133     131     146     147     133     121     138     133     132     114      94      98      71      82      64      59      40    2829    4880 
 52639      809     144     148     121     135     113     120     114     117      90     119      97     111      98      82      78      91      62      47      57      29    2639    5388 
 14621      818     135     132     118     135     143     162     120     138     120     132     139     121     117     103      88      78      87      74      54      33    2729    5042 
 31393      877     171     206     194     188     166     168     146     153     142     130     133     115     116      98     104      77      72      75      47      31    2819    4649 
  2303      898     196     168     174     206     162     158     146     152     163     125     122     143     111     105      92      92      68      59      52      24    2746    4736 
