 60764      202       4       0       3       2       3       7       5       7       8       4       5       5       2       3       5       9      20      25      24      50    1247    8562 
 52654      287       8      11       8       9       6       9      16      15      14      25      18      24      23      20      25      20      28      42      37      75    1808    7759 
 52787      290      15       9      10      12      14      16      16      13      14      14      21      18      17      20      22      36      24      41      41      78    1815    7734 
 14498      293       8      12       5      16       9       6      14      15      16      20      11      17      12      16      13      22      22      30      40      81    1656    7959 
 37663      327      15      14      19      25      15       9      19      14      18      23      18      29      31      33      17      23      30      41      55      89    1714    7749 
 27888      331      15      10      13       9      13      22      23      15      15       8      22      26      19      24      29      33      36      39      31      78    1801    7719 
 37671      331      10      13      20      13      20      18      12      16      21      23      18      18      21      28      25      27      31      31      46      72    1838    7679 
 13110      345      15      17      13      22      12      19      24      18      22      24      22      11      26      25      19      27      32      32      41      59    1768    7752 
 26229      354      17      15      15      16      17      15      16      20      23      15      16      21      19      34      23      22      43      37      50      69    1638    7859 
  9779      357      24      25      23      23      22      25      27      38      28      26      31      19      34      44      39      40      41      53      61      92    2062    7223 
 53033      358      22      21      15      24      19      35      32      24      26      32      22      34      20      37      38      47      47      43      67      80    2110    7205 
  6312      359      16      14      12      21      19      16      14      18      25      21      21      23      26      29      31      30      41      32      50      70    1773    7698 
  3863      366      18      17      27      19      12      27      19      32      30      11      18      26      24      18      29      32      48      44      43      71    1993    7442 
 24984      366      16      18      23      18      16      17      23      25      21      26      23      25      20      35      34      33      27      41      43      76    1971    7469 
 28779      366      20      19      21      20      16      20      22      24      21      23      23      21      25      35      28      32      30      46      45      63    1901    7545 
  4507      371      14      11      18      23      19      25      17      27      23      32      22      24      31      25      35      24      40      43      38      62    1783    7664 
  5819      372      14      21      15      23      15      22      10      25      23      22      22      26      32      37      33      31      37      39      49      77    1719    7708 
 11171      372      22      16      21      13      23      22      12      18      18      24      38      29      30      38      43      32      37      42      47      57    1872    7546 
 20420      372      20      26      23      17      20      16      20      21      32      35      29      29      23      20      27      47      41      46      60      69    1951    7428 
 41319      372      26      26      27      29      10      26      26      26      32      22      25      33      29      29      30      44      56      39      59      52    1958    7396 
 10041      375      17      20      13      18      19      18      29      16      22      24      31      26      32      26      35      34      49      40      54      65    1832    7580 
 26393      378      20      22      19      19      19      23      24      26      18      26      29      25      27      36      29      28      41      57      40      76    2049    7347 
  7211      379      30      29      18      24      21      27      20      32      35      25      28      24      47      31      45      30      33      44      54      64    1911    7428 
  1602      383      12      29      23      15      27      15      21      21      24      17      31      28      26      30      34      41      34      50      59      51    1956    7456 
 38836      386      16      16      21      23      19      20      23      19      22      13      32      27      33      38      35      29      31      44      33      67    1781    7658 
 28860      392      27      37      29      26      31      34      25      34      29      32      39      32      39      43      43      41      44      57      65      89    2146    7058 
 37564      392      17      31      29      21      28      25      21      18      27      29      26      31      29      38      32      31      39      46      50      71    2021    7340 
 19364      394      31      22      22      33      27      20      23      26      21      27      33      31      42      35      33      41      43      47      50      68    1858    7467 
 22418      395      27      23      29      19      30      30      18      16      20      31      35      33      35      37      40      32      35      40      43      59    1984    7384 
   562      398      20      20      19      27      22      23      29      34      22      29      31      35      30      42      39      40      37      50      40      80    2011    7320 
  7724      400      22      20      19      32      20      22      25      22      34      34      24      13      26      28      27      31      36      41      53      73    1960    7438 
   315      401      24      16      27      16      22      17      31      26      15      29      24      26      25      28      29      29      34      34      49      54    1827    7618 
 33563      401      26      18      23      24      26      34      20      31      21      30      32      33      35      41      45      36      54      62      44      64    1987    7314 
 38042      404      23      30      23      27      33      28      29      34      28      23      29      37      29      44      39      39      42      43      51      66    2063    7240 
 18960      407      23      22      27      21      27      29      26      28      21      23      29      36      35      43      43      38      50      34      65      56    1950    7374 
 11114      408      18      20      27      21      28      33      17      21      38      24      37      32      40      40      36      35      44      46      56      77    2057    7253 
 28076      413      28      26      21      25      18      18      33      33      27      32      31      33      32      45      32      45      47      21      61      65    1926    7401 
 23036      414      26      21      28      21      20      19      38      27      24      23      32      43      33      37      41      43      40      46      52      73    2024    7289 
 28183      415      11      31      27      23      36      37      15      21      28      25      35      36      23      28      44      41      34      49      49      66    1964    7377 
 19661      424      25      21      28      29      24      29      24      28      36      29      28      37      38      32      44      42      35      54      56      63    2033    7265 
  6528      427      20      25      18      26      18      31      26      29      33      17      34      32      37      38      47      39      52      39      54      72    1984    7329 
 27896      427      30      19      31      31      34      29      26      29      31      27      40      29      38      39      38      38      46      50      68      60    2029    7238 
 14571      428      38      26      17      24      36      28      27      42      33      28      32      30      40      32      33      46      50      34      55      64    1917    7368 
 17905      431      26      26      20      28      36      26      23      27      24      30      38      31      34      30      38      41      43      47      67      53    2011    7301 
  2568      432      29      39      32      35      29      33      27      36      38      51      41      51      47      51      40      51      46      64      67      73    2227    6893 
 12773      432      21      36      29      23      23      27      34      44      24      37      31      39      32      36      45      34      51      65      44      66    2059    7200 
 34256      432      18      33      24      25      32      31      24      42      36      29      31      37      41      29      45      44      61      60      53      63    2121    7121 
 17343      433      18      33      30      31      27      28      32      33      46      35      32      30      32      40      47      56      48      47      62      79    1975    7239 
 29843      436      26      29      31      37      36      25      31      21      30      41      37      35      31      36      33      48      37      49      64      55    1935    7333 
 23358      445      27      22      33      33      29      25      34      27      35      38      37      40      40      49      55      41      47      67      51      70    2156    7044 
 25056      447      28      28      42      30      37      31      35      26      39      47      52      34      35      38      40      41      40      50      65      84    2157    7021 
 53843      451      31      25      44      32      35      32      33      34      44      49      46      35      39      46      44      48      44      57      71      52    2052    7107 
  3830      452      30      22      33      25      36      35      32      30      31      33      40      40      31      45      36      33      41      49      50      55    1954    7319 
 19539      456      33      44      44      37      47      45      40      46      59      52      46      43      69      50      64      51      55      63      59      84    2375    6594 
 22772      456      35      43      32      43      41      27      39      46      37      39      38      37      30      44      61      65      61      64      60      72    2106    6980 
 53660      456      22      28      38      32      31      37      35      36      28      36      36      47      50      38      46      36      51      53      43      48    2089    7140 
 40055      456      43      40      33      52      31      30      42      35      32      40      43      43      33      55      43      52      54      62      62      75    2037    7063 
 64394      457      26      32      26      41      36      35      30      47      29      44      45      47      33      30      36      37      50      55      58      66    2202    6995 
 17426      467      30      29      40      34      32      33      39      49      50      40      50      27      54      36      51      62      83      56      76      71    2081    6977 
 38554      471      38      41      32      43      45      35      37      43      27      49      45      60      55      38      51      71      55      67      61      65    2022    7020 
 39909      474      29      31      37      31      40      50      30      41      56      44      43      38      39      49      43      51      47      49      58      69    2075    7050 
 21220      476      40      35      29      32      29      35      46      32      43      55      53      45      47      56      54      54      67      69      71      70    2002    7036 
 52977      478      39      32      28      31      36      36      32      41      28      35      24      42      33      51      33      44      45      35      58      56    1882    7359 
  1750      481      32      34      25      31      43      38      38      41      34      29      35      30      36      44      58      48      41      49      48      56    2148    7062 
 38174      483      43      38      45      40      52      54      42      54      68      50      47      48      53      60      65      46      69      76      67      78    2397    6508 
  1958      488      37      51      26      38      35      42      37      43      45      51      30      49      41      54      46      42      46      65      60      57    2253    6852 
 64865      488      32      41      30      27      33      36      34      36      31      33      37      49      49      48      53      41      45      48      42      43    1961    7251 
 11684      495      33      30      33      34      27      47      44      33      48      34      47      46      45      46      40      55      55      55      79      63    2230    6876 
 21212      496      29      36      33      29      30      33      38      23      31      46      40      44      29      46      39      44      48      49      71      59    1951    7252 
 18481      497      28      43      41      37      38      39      53      35      44      36      56      46      46      54      49      43      56      53      57      57    2151    6938 
 13482      498      40      43      38      45      37      53      48      58      34      50      49      56      57      59      73      68      61      56      66      69    2163    6777 
  4077      500      43      38      33      42      40      44      34      34      50      41      38      41      48      44      46      43      52      61      54      49    1986    7139 
 15792      502      43      50      36      42      47      63      47      40      39      52      37      44      57      44      57      60      54      47      56      63    2257    6765 
 18846      503      45      37      35      37      40      45      40      46      61      42      40      50      49      54      43      43      69      56      66      48    2164    6890 
 19695      503      40      36      39      37      35      30      29      51      29      58      32      45      38      40      47      51      51      55      54      68    2020    7115 
  5017      505      40      44      38      39      36      36      39      38      38      50      48      32      55      52      40      50      51      41      46      43    2044    7100 
  9936      505      46      30      40      45      52      33      46      50      42      49      34      54      53      53      51      40      73      53      54      46    2184    6872 
 12799      506      56      50      57      49      39      59      63      55      57      55      53      60      55      63      75      65      68      69      71      99    2495    6287 
 35626      507      57      45      44      58      46      52      56      49      53      59      54      76      54      56      54      65      65      75      64      68    2593    6257 
 28670      508      52      45      50      48      55      51      63      72      61      50      51      61      53      48      55      75      58      65      65      50    2226    6646 
 28910      508      43      51      53      28      50      54      45      40      47      48      56      48      48      51      51      58      53      50      68      55    2204    6799 
 52621      509      32      40      31      47      47      44      39      44      40      54      45      43      42      47      57      60      58      52      59      59    2290    6770 
 16162      512      37      40      29      28      33      45      35      44      46      32      46      41      43      47      60      42      50      52      57      52    1954    7187 
 37952      513      37      45      40      39      38      65      51      40      52      64      58      53      51      59      52      48      66      70      59      74    2211    6728 
  6734      518      53      50      31      44      46      47      49      53      47      48      53      51      52      53      54      62      44      51      70      60    2150    6832 
 31880      519      42      40      43      41      44      48      46      41      39      45      34      41      48      43      30      69      39      50      62      47    2007    7101 
  2246      520      50      44      55      48      63      44      49      48      56      66      56      63      70      61      54      62      71      68      55      74    2198    6645 
 11304      521      55      53      51      59      59      53      62      47      60      55      51      62      66      77      62      64      73      61      76      68    2485    6301 
 53298      521      51      49      57      58      52      43      51      60      53      63      67      54      75      50      57      70      76      68      72      75    2480    6319 
 29710      521      33      38      48      47      51      47      50      51      45      49      61      59      42      56      57      51      48      56      58      38    2243    6772 
  9803      523      42      46      42      48      50      45      40      51      51      52      43      53      47      56      55      49      45      72      67      72    2170    6804 
 11551      523      42      45      44      41      33      36      38      50      45      54      44      48      55      47      47      42      41      47      49      45    2024    7083 
 30452      524      41      53      47      32      49      46      43      37      45      37      47      40      41      50      43      49      46      50      40      61    1937    7166 
 38349      526      41      47      42      47      38      47      49      49      45      60      60      53      50      57      43      58      53      63      53      59    2170    6816 
 39883      526      33      36      46      35      36      35      37      58      40      40      43      40      41      51      49      57      39      41      45      46    2025    7127 
  9084      527      48      45      46      42      51      51      59      39      55      59      58      62      51      55      56      69      60      62      56      63    2241    6672 
 34306      529      58      54      50      60      50      63      66      62      68      65      53      59      72      59      65      68      65      68      62      72    2573    6188 
 24117      531      39      41      40      50      51      40      47      46      43      38      37      57      51      52      38      36      45      66      51      44    2100    6988 
  4622      532      46      42      39      52      39      45      50      52      40      36      37      41      52      37      48      51      34      52      52      55    2154    6946 
 30841      532      42      47      54      49      57      48      52      44      58      45      56      58      45      50      54      56      58      66      65      66    2306    6624 
 25544      538      40      35      58      46      54      54      46      54      50      33      56      49      50      34      44      63      47      52      60      51    2306    6718 
 29637      542      64      48      68      53      43      56      62      49      61      51      63      65      68      47      64      67      77      64      65      73    2150    6642 
  4028      543      58      41      59      40      53      43      61      49      53      50      63      58      69      59      57      65      65      47      63      63    2336    6548 
 53348      549      52      35      42      45      46      48      56      45      48      65      50      49      48      68      58      50      56      51      52      43    2203    6790 
 20487      550      52      49      45      51      45      43      50      44      50      44      56      53      43      48      39      48      46      66      54      52    2132    6890 
 38471      550      52      45      44      46      34      44      48      38      49      66      65      46      68      61      58      56      55      58      58      57    2336    6616 
 26419      555      58      63      72      70      60      61      69      62      67      72      73      69      76      70      65      76      76      72      76      73    2665    5955 
 41848      556      49      31      52      49      51      47      72      57      40      48      50      58      53      55      56      72      60      54      58      60    2346    6582 
  6841      556      41      55      61      35      51      49      50      60      69      52      48      55      58      54      60      63      58      56      52      46    2307    6620 
 38265      557      41      50      46      49      56      63      36      50      52      55      60      54      53      53      44      55      50      52      52      55    2212    6762 
 11072      559      55      52      52      58      55      55      47      52      55      59      49      41      47      74      63      56      63      62      53      54    2353    6545 
 27862      559      58      61      54      56      55      43      43      51      56      67      67      57      64      54      51      58      65      56      62      58    2425    6439 
 67611      563      47      41      46      41      58      35      57      42      46      54      48      43      59      42      58      56      54      57      55      61    2083    6917 
 38695      565      49      62      63      64      58      40      45      47      53      61      53      69      80      58      65      60      44      53      49      52    2415    6460 
 26922      569      46      58      42      51      54      56      56      57      51      58      54      68      58      74      48      58      68      63      72      39    2338    6531 
 39248      572      67      64      56      49      80      70      48      64      51      70      69      67      74      59      60      58      60      58      66      63    2208    6539 
 52852      578      54      62      61      65      63      59      60      51      69      74      56      66      70      66      73      63      58      52      70      40    2384    6384 
  6320      578      58      76      66      70      67      61      78      73      72      60      66      64      55      68      57      57      74      63      56      60    2247    6452 
  7286      578      63      49      62      43      41      60      50      55      44      55      54      59      55      56      49      66      58      47      39      46    2069    6880 
 35485      587      64      64      76      63      70      74      84      69      75      71      58      70      52      58      75      71      79      52      60      55    2319    6341 
 36269      587      51      62      64      55      59      51      69      57      48      66      62      60      59      58      73      62      65      55      63      41    2368    6452 
 53041      589      46      60      60      46      40      59      55      58      47      44      53      61      62      59      58      58      47      49      42      48    2165    6783 
 13656      591      55      61      70      70      71      48      64      54      69      63      63      71      82      64      60      69      69      70      73      54    2290    6410 
  1842      594      50      52      61      66      56      71      45      52      60      64      65      65      67      49      51      73      48      52      55      45    2246    6607 
 39701      597      72      66      79      63      58      70      60      55      64      71      74      82      72      68      68      82      61      60      66      54    2408    6247 
  6759      617      71      67      71      71      83      69      75      71      50      55      79      74      73      59      72      56      79      63      43      49    2397    6273 
 42382      617      64      65      53      79      65      64      73      70      79      62      66      60      81      62      71      66      55      59      60      57    2293    6396 
 36954      618      84     104      74      84      76      67      88      90      80      90      98      75      82      97      82      91      87      71      75      52    2634    5719 
  4994      620      45      61      63      63      66      59      63      59      65      60      60      75      60      70      63      49      68      60      61      36    2243    6551 
 52647      620      62      59      61      66      57      84      66      65      65      53      71      73      61      70      58      52      69      55      53      43    2390    6367 
 34363      621      58      72      98      63      78      70      83      68      73      66      72      68      68      78      70      59      72      57      57      58    2527    6085 
  1701      627      59      82      80      73      78      81      68      72      67      64      78      70      76      75      69      71      62      56      71      35    2478    6135 
 17756      634      63      65      63      60      61      54      57      58      60      78      55      71      60      65      77      66      49      48      74      36    2278    6502 
 42051      635      70      89      66      83      75      71      70      75      88      70      84      87      89      76      72      77      77      74      64      56    2482    6005 
 17301      640      64      70      77      58      68      52      66      72      66      59      78      66      68      65      59      60      79      73      52      34    2292    6422 
  6791      643      75      75      61      63      97      79      65      70      72      73      70      67      77      57      67      63      64      70      64      36    2385    6250 
 53850      644      88      74      79      84      79      60      68      83      87      69      76      75      82      78      68      58      69      77      67      42    2474    6063 
  5751      645      89      75      75      79      72      74      87      81      89      62      69      78      81      72      71      73      75      64      47      48    2492    6047 
 23838      645      70      69      55      57      66      64      75      87      62      60      74      70      68      70      57      71      54      53      49      47    2250    6472 
 24208      647      84      89      72      77      60      71      70      72      79      74      85      58      63      67      79      63      67      45      65      46    2482    6132 
 23242      650      72      63      83      51      65      75      56      76      71      76      70      56      67      50      85      62      45      66      51      48    2338    6374 
 33472      653      85      72      66      87      65      81      90      83      63      91      78      71      78      72      80      74      91      61      61      46    2565    5940 
  4143      662      73      70      85      67      77      85      54      74      54      75      58      75      59      58      68      63      58      57      41      48    2153    6548 
 34272      664      75      74     101      89      72      88      69      92      81      85      81      70      74      76      65      75      67      66      59      34    2531    5976 
 28712      669      85      89      89     100      81      72      92      87      79      86      82      94      99      82      73      69      67      76      73      38    2493    5894 
 18507      674      80      89      90      78      90      71      91      70      88      81      79      76      71      86      68      77      52      65      51      40    2574    5933 
 52696      675      65      78      85      87      72      79      70      69      92      79      74      81      80      71      66      59      61      66      54      42    2467    6103 
  4127      678      85      71      85      77     101      75      73      98     103      98      72      69      63      62      76      69      69      51      48      41    2617    5897 
 32276      682      96      88      93      94      87      93      93      86      85      93      87      78      80      91      76      79      67      69      63      38    2437    5927 
  2220      683      76      88      64      66      68      57     107      69      81      74      54      84      51      73      69      56      66      47      54      41    2314    6341 
 22947      683      86     102     101      85      70      97     101      83      87      86      83      72      85      85      77      83      71      78      61      42    2381    5984 
 52878      686      69      55      81      74      84      91      77      81      63      76      65      75      79      72      65      57      63      67      45      41    2222    6398 
 28373      688      84     100      83     112     107     107     100      86      87      95      76      84      84      83      90      70      79      53      47      50    2385    5938 
 52803      693      95      98     103      97      94      94      74      69      87      86      76      79      74      75      82      82      56      66      53      40    2573    5847 
  8300      695     110      91      77      92      86      92      91      86      85      98      73      68      85      84      85      77      60      64      63      51    2564    5818 
  1149      698      75      72      80      72      99      73     101      81      83      82      76      77      69      71      73      71      63      52      58      37    2371    6164 
 38653      712     103      84      87      87      88      89      69      94      91      58      78      86      72      69      69      69      54      50      62      24    2397    6120 
 53371      723     108      85      88      91      85      85      93      88      92      89      85      59      85      71      62      61      42      61      49      32    2359    6130 
 26906      725     101      97      97      83      95      78      87      70     110     100      94      72      91      75      58      65      63      74      58      34    2362    6036 
 53439      725      98      80      82      93      92      94      77      77      97      69      90      94      68      78      67      61      58      53      48      38    2314    6172 
 20255      727     109      86      93      89     100     114      92     115      82      83      89      78      67      83      88      69      76      76      55      41    2576    5739 
  5207      735     121     120     100     116     124     109     128      96      98      93      96     101      82     102      82      84      82      78      48      47    2518    5575 
 28068      736     137     127     103     118     128     121      93      94      96      99      84      91      92      84      94      78      87      72      56      42    2505    5599 
  2675      742     103      93     107     109     116      97      81      94     103      88      88      82      85      80      66      73      63      84      61      42    2553    5732 
 37291      752     100     103     111     124     116     114     114     115      98     118     101     106      80      92      93      83      88      52      49      36    2422    5685 
 27995      758      98     112     109     116     119     106     105     122     110     110     107      99     103      82      89      78      67      63      46      34    2504    5621 
 17004      781     123     131     104     122     124     108     101     107     103      85      96      91      81     112      84      78      76      64      49      39    2568    5554 
  1792      783     112     109     116     125     111     119     119     106     104     111     121     105      89      89      85      75      66      66      42      38    2549    5543 
 36897      786     129     128     133     103      93     129     125      96     109      74      87      85      86      88      83      73      68      50      45      46    2553    5617 
  8722      798     145     128     122     133     137     112     118     100     110      93     101      86     111      94      81      87      85      80      55      43    2671    5308 
 52639      809     118     122     120     111     108     119     117     109     105     105     113      97      91      73      80      96      83      67      47      27    2669    5423 
139311      809     142     122      99     116     117     103     123     108      88      91      80      93      86      64      92      64      61      51      49      24    2373    5854 
 14621      818     131     127     116     135     110     115     116     112     115     101     106      99      93      67      72      80      67      46      50      33    2423    5686 
 13920      832     133     139     129     131     116     105     102     103      94     105      88     110      90      89      93      74      62      61      47      25    2483    5621 
  2154      847     147     135     145     126     115     113     124     116     119     114     117      90      90      91      80      96      71      56      37      23    2475    5520 
 31393      877     169     166     176     163     139     161     151     141     136     121     123     100     128     102      79      86      56      64      59      18    2664    4998 
 32755      881     169     150     160     154     145     144     161     150     126     130     105     107      95      98      88      64      78      67      56      25    2635    5093 
  2303      898     161     166     153     155     140     160     124     122     147     109     107     106      89      78      97      82      62      61      32      26    2469    5354 
  7054      900     154     171     148     168     177     155     125     153     117     124     120     108     113     104     105      71      70      71      32      34    2784    4896 
 22178      903     191     162     160     159     148     149     150     157     142     129     132     115      91      88     101      86      69      49      51      25    2809    4837 
 33555      967     199     195     212     194     185     174     160     153     123     126     130     140     113      88      89      87      69      54      38      19    2661    4791 
