 97923       79       3       3       1       3       3       3       6       2       1       3       5       5       4       7       6       4      10      16      18      51    1038    8808 
 26765       93       1       3       1       6       3       4       3       8       2       7       3       9       6      12      13      11       6      11      15      46    1135    8695 
 52860       95       1       7       4       3       4       8       1       2       4       4       5       6       6       2      16       8      22      12      28      57    1210    8590 
134619      104       7       3       5       2       6       9       6       6      10       9       9       7       8      10      12       8      17      28      28      47    1272    8491 
125278      106       2       3       3       7       7       6       6       3       3       4       5       6       3       4       9      11       9      12      22      44    1052    8779 
 13870      109       5       9       3       9       4       3       5       9      11      18       6       7      14       5      16      21       7      19      27      68    1332    8402 
 17582      109       7       3       6       6       1       6       7      12      10      14       8      13      12       9      11      10      18      30      42      57    1256    8462 
 37960      111       4       5       7       4       8       5       4       5       4       7       8       7       7      10       9      10      15      21      18      39    1097    8706 
 15172      112       4       4       8       7       4       5       6      14       6      12      13       4       7      12      16      14      21      12      38      56    1304    8433 
 23879      112       5       2       4       7       2       3       3       6       5       6      10       6      10       8       6      22      20      17      29      54    1193    8582 
 53686      115       7       7      13       8      10       8       5       9       7       9      10       7      17      12      11      22      20      24      48      64    1323    8359 
 53785      115       4       3       1       4       9       7       7       3      11       3      10       6      15      17      12      15      14      22      25      61    1390    8361 
  3376      116       7       2       5       5       5       7      10      11       9       7      10       5      14      17      12      14      15      21      31      53    1398    8342 
 53116      116       8       6       4      12       5       7       9       8       9       8       9       9      14      13      20      17      18      28      37      67    1553    8139 
 33050      117       3       3       7       6       7       8      10       3       3       8       6      12      12      12      10      15      17      24      28      65    1277    8464 
 28936      122       5       4       7       9       9       9       8       7      10      16      12      10      13      16      13      14      14      17      25      65    1293    8424 
 89722      123       6      11       6      10       7       7       3       5       6      14       7      17      11      19      14      16      20      26      35      55    1390    8315 
 52779      125       4       6       3       8       6      11      10       9       6      10      15       6      18       7      21      17      21      31      24      59    1425    8283 
 10090      125       7      10       7       7       9       7       5      10      11      13      17      12      12      14      18      20      22      27      28      59    1316    8369 
 40097      126       1       7      10       3      12       5       7       4      10      12       9      16      19      11      15      13      28      24      28      64    1405    8297 
 16568      128       7       7      10       9       9      18       6      14      14      12      10      13       8      15      19      19      23      23      43      56    1290    8375 
 16436      131      10       8       7       2      14      16       4      12      11      11      15      17      10      14      13      11      18      37      46      58    1523    8143 
 53751      132       3       8       6      13      10       7       9      10       8      14      18      21      19      14      18      16      23      30      34      59    1553    8107 
 21477      134      10      14       9      16      12       6      14      13      11      10      15      13      16      14      14      14      32      36      39      73    1537    8082 
 31666      136       9      10      17      11       6       7      11       9      12       9      17       9      16      17      17      16      17      32      35      57    1420    8246 
 39081      138       9      10       8       8       6      12      12      13      20      13      14      15      23      16      19      21      25      28      44      56    1651    7977 
 52670      138       8       8      10      12       7      12      18      10      13      12      12      11      14      16      21      10      19      28      40      60    1576    8083 
 26955      139       6      10      10       6       6      11      11      13      15      15       9      11      16      16      11      32      13      31      44      68    1520    8126 
126615      142      10      10      11      10      10      16      17      11      13      21      10      13      15      22      14      34      33      43      55      71    1684    7877 
 42333      145      12      13      16      14      13      26       6      10      18      18      11      17      24      27      29      36      33      41      49      79    1830    7678 
 67546      147      13      12      14      12      18      21      21      10      16      21      27      18      15      25      17      36      31      32      37      63    1737    7804 
 26070      147      12      18      10      11       9      15      18      23      17      26      14      19      18      25      25      19      27      25      60      68    1610    7931 
 18606      148      12      11       4      15      16      14      15      12      13      11      12      17      17      24      21      17      29      34      45      56    1638    7967 
 90274      148      12      18      16      20       9      15      12      12      12      17      13      24      23      21      27      25      24      49      48      61    1589    7953 
  3640      149      12      11      14      13      10      12      12      19      16      10      19      16      25      22      22      17      36      35      45      61    1660    7913 
 52795      149      13       8      11      10      13       9       9      19      18      11      16      19      17      22      23      27      23      31      49      55    1568    8029 
 11163      149       9      10      17       5      10      10      15      17      15      15      14      16      23      21      20      24      22      41      50      56    1547    8043 
 12377      153      18      14      23      17      21      15      12      22      18      25      27      15      25      24      30      27      43      42      45      64    1936    7537 
 67637      153       7      12      10      15       8       9      14      11      13      18      22      14      17      14      22      24      34      26      43      55    1454    8158 
134510      157      10      11       9      10      11      18      10      18      21      22      21      17      16      15      18      24      32      40      41      68    1602    7966 
 67629      157      14      11      11      18      12      20      13      20       9      13      22      16      18      26      23      22      33      40      38      58    1672    7891 
 27169      158       6      15      12      12      10      15      22      22      16      25      15      20      23      20      26      27      29      38      43      58    1699    7847 
 62471      162      11       5      11      17      20      13      22      19      14      24      21      17      27      33      40      29      29      47      68      60    1610    7863 
 25361      162      18      18      20      13      17      22      21      12      28      16      27      18      23      24      45      43      38      42      52      77    1986    7440 
  5173      165      16      13      22      16      17      20      20      17      24      18      21      16      15      25      27      33      28      41      57      56    1682    7816 
 53082      165      16      17      18       8      17      17      24      19       9      15      29      16      31      17      23      31      27      31      43      58    1636    7898 
 25122      168      15      21      11      19      18      18      19      17      20      28      30      26      26      28      26      34      25      41      45      67    1641    7825 
 41004      169      10      10      19      17      19      21      14      24      23      25      33      24      29      28      27      37      37      42      49      67    1713    7732 
 30429      171      29      20      19      19      24      16      21      28      25      17      19      25      42      35      32      30      35      37      61      77    1975    7414 
   844      174      29      20      19      18      24      13      26      27      32      32      28      30      31      33      45      29      54      57      55      76    2030    7292 
  4085      174      10      25      29      27      21      28      22      17      14      30      25      29      34      44      40      46      38      36      56      69    2050    7310 
 81851      175      16      11      23      19      20      18      22      24      17      26      31      27      29      20      30      39      41      48      53      49    1810    7627 
  7401      176      15       7      19      25      14      24      20      20      24      19      24      29      26      24      32      33      31      50      43      62    1797    7662 
  9589      176      30      25      25      19      24      24      25      33      27      25      25      21      38      29      51      52      37      49      63      71    2053    7254 
  9894      179      21      16      14      22      18      19      21      21      25      29      30      33      23      24      27      23      35      48      45      61    1642    7803 
 29009      179      15      22       9      20      23      18      21      19      19      25      19      19      35      31      31      34      46      38      39      52    1878    7587 
  3228      183      19      15      16      12      18      19      19      17      18      28      21      30      19      26      18      27      31      37      40      56    1523    7991 
 64915      183      21      25      23      28      20      22      25      24      23      17      34      29      28      31      24      43      45      49      45      66    1706    7672 
 22368      183      17      29      22      25      23      22      31      27      30      29      27      29      18      30      27      34      32      45      43      52    1832    7576 
 36749      189      21      22      25      37      25      33      28      27      29      28      33      39      48      44      35      51      45      44      63      74    2213    7036 
 15156      192      34      32      30      32      29      26      28      20      27      30      43      32      28      36      41      38      40      43      55      60    1773    7523 
   778      195      21      25      20      26      28      28      32      21      24      35      32      25      41      32      39      30      37      47      46      59    1829    7523 
  1446      195      18      26      24      20      26      26      32      22      26      31      27      36      23      31      35      42      39      43      50      64    1827    7532 
 53165      195      26      27      24      32      32      31      34      33      36      36      41      38      42      52      55      37      60      57      47      77    2258    6925 
 12641      197      22      16      21      29      20      29      31      27      24      34      24      32      25      35      36      34      43      47      54      63    1829    7525 
 22681      197      28      21      27      29      20      32      40      31      36      24      31      35      34      40      41      45      41      48      46      74    2034    7243 
  7534      199      32      25      20      32      31      43      38      35      39      24      48      28      41      34      39      38      48      49      57      66    2050    7183 
  1420      204      26      25      20      26      25      30      28      35      21      22      33      26      29      35      38      38      51      52      61      53    1750    7576 
 17665      205      28      17      25      32      25      27      24      29      28      37      29      30      42      29      43      40      45      52      56      53    1836    7473 
 53769      207      29      24      38      23      26      30      25      29      40      30      40      34      36      25      37      46      43      60      65      56    1987    7277 
  4556      208      30      25      27      38      27      16      34      26      46      36      28      40      28      39      41      48      47      49      62      63    1986    7264 
 11502      209      22      28      22      17      27      26      33      39      36      28      30      29      26      28      26      35      45      29      49      52    1732    7641 
 53355      209      29      22      33      30      33      29      25      20      27      32      30      45      41      25      37      39      44      44      54      56    1986    7319 
  2873      209      30      33      27      48      44      42      48      21      50      54      39      49      47      54      44      56      48      70      74      65    2291    6766 
125310      209      36      27      30      25      29      39      35      25      40      33      44      38      36      45      39      45      48      64      52      50    1975    7245 
 37705      211      28      34      34      23      24      28      27      35      31      29      42      29      37      47      49      45      46      56      48      53    2020    7235 
 25148      212      19      18      10      23      27      24      23      28      20      36      21      24      28      45      34      40      39      49      36      54    1676    7726 
 35584      212      20      28      22      25      27      31      30      25      21      34      30      28      54      36      41      28      38      41      52      42    1760    7587 
   450      213      39      28      36      26      33      34      27      30      35      25      39      53      32      49      40      64      68      52      61      64    2153    7012 
 25437      213      26      26      23      27      26      25      18      21      31      38      35      31      34      35      38      32      39      44      47      45    1684    7675 
 26823      217      31      22      28      29      20      31      29      36      24      40      34      45      36      37      55      41      48      51      52      67    2009    7235 
 90209      221      33      42      29      38      43      40      43      42      43      40      48      42      44      40      56      46      57      54      61      55    2114    6990 
 28506      222      38      49      25      40      28      30      25      30      27      40      32      39      32      50      38      42      38      64      39      49    1910    7335 
 23515      224      35      39      41      43      39      36      48      51      43      40      42      46      31      46      60      44      58      54      84      63    2205    6852 
  8433      224      42      36      36      40      34      41      48      42      39      44      42      46      50      56      54      44      50      63      72      61    2197    6863 
  7666      226      26      41      41      29      48      41      41      43      36      39      36      41      53      39      57      50      52      74      60      57    2207    6889 
 20149      227      32      35      23      35      38      42      34      34      28      37      39      48      33      40      54      59      49      51      67      41    2017    7164 
 31815      228      41      45      27      38      45      34      46      42      33      38      48      47      41      46      47      63      54      61      70      57    2122    6955 
 29538      229      25      32      52      42      36      40      48      34      41      49      37      48      56      50      41      60      54      58      59      57    2098    6983 
 60806      230      54      45      36      48      48      45      62      44      38      52      56      42      49      59      53      69      66      77      67      77    2329    6584 
    67      233      39      32      35      41      44      38      43      48      44      58      45      55      48      38      53      47      48      50      56      47    2086    7005 
 52837      233      31      33      33      35      37      42      33      51      52      36      54      53      45      46      39      51      54      59      67      61    2058    7030 
 16048      233      47      34      39      40      33      46      38      48      35      53      40      47      42      49      40      60      56      55      59      54    2106    6979 
 37697      233      21      23      26      38      30      37      35      43      37      39      36      30      40      54      35      58      56      43      44      43    1717    7515 
 13755      234      27      30      24      34      39      43      37      24      37      34      36      31      30      39      40      49      34      52      38      49    1805    7468 
 26849      237      22      51      34      49      52      39      40      50      48      48      55      72      45      60      50      63      53      62      49      54    2201    6803 
 21519      238      32      28      50      52      44      47      58      53      40      48      45      51      50      54      57      50      61      62      54      62    2261    6741 
 25155      243      45      47      54      32      39      39      37      42      36      39      45      44      46      41      46      61      39      38      47      52    2094    7037 
 26641      244      43      55      49      49      48      39      46      49      47      44      56      53      61      57      71      70      60      60      61      46    2053    6883 
  2501      245      51      48      53      41      43      40      45      44      55      52      46      62      62      50      55      49      63      61      58      54    2079    6889 
 20990      245      53      44      43      57      33      39      45      40      47      41      59      51      51      59      47      61      65      66      54      54    2211    6780 
  2337      247      37      41      47      40      39      38      48      42      52      39      49      38      51      51      43      64      52      54      71      51    2004    7049 
  9043      248      36      40      68      41      40      44      38      49      39      37      51      53      39      63      69      44      50      63      64      53    2064    6955 
 10173      250      41      52      40      58      48      49      51      52      55      44      55      60      62      74      51      54      58      59      64      55    2221    6697 
 34314      251      46      41      55      46      48      41      47      51      48      49      49      62      70      69      60      48      71      53      62      53    2173    6758 
 42044      251      45      42      39      42      47      57      43      40      40      43      47      48      44      53      38      55      57      41      55      46    1924    7154 
 22640      252      52      46      57      50      47      42      48      56      54      51      64      62      67      50      62      48      62      67      49      70    2085    6811 
 24026      252      56      45      45      38      51      42      47      51      49      37      58      52      42      46      54      55      53      45      64      54    2188    6828 
  6965      253      52      51      51      59      50      43      54      48      50      54      56      61      39      59      59      52      71      44      72      52    2191    6732 
 11478      253      48      34      48      48      43      54      55      38      41      53      50      54      62      60      51      59      56      56      60      52    2166    6812 
 25114      257      50      54      41      58      34      58      52      50      55      48      48      57      50      47      53      56      47      50      47      49    2228    6768 
 66555      260      43      61      47      46      47      60      36      59      49      50      59      42      49      54      53      63      55      46      50      43    2177    6811 
 29470      260      32      39      32      35      36      36      49      40      38      42      39      48      45      35      47      48      39      57      33      42    1899    7289 
 16816      261      50      38      44      47      57      70      48      51      61      44      72      59      56      44      68      55      66      57      57      47    2247    6662 
  8961      262      51      53      51      60      48      58      39      47      60      55      59      54      64      56      64      47      68      56      58      51    2090    6811 
  1198      263      46      56      58      59      53      60      50      47      55      63      46      48      51      62      61      68      63      60      52      59    2200    6683 
  8003      264      40      51      53      61      54      58      46      62      46      52      71      72      63      62      52      46      56      57      48      53    2319    6578 
 11056      264      48      49      57      60      64      59      67      68      63      68      55      69      67      68      50      65      80      65      61      38    2256    6523 
 52894      265      44      51      45      45      67      54      52      52      50      52      54      57      53      69      49      68      57      56      46      49    2142    6788 
 11288      265      46      60      55      57      51      56      42      61      58      58      69      64      56      64      64      69      51      62      63      53    2257    6584 
  7823      266      56      48      51      51      52      64      43      60      60      51      64      61      54      69      64      48      68      70      64      42    2091    6769 
 13433      267      33      41      40      49      51      42      51      47      36      47      39      48      63      43      40      44      58      58      38      39    1925    7168 
 41442      267      50      51      72      52      58      57      55      67      55      54      52      59      51      58      68      56      69      50      64      71    2134    6697 
  7104      269      57      38      65      66      57      65      50      49      66      65      52      68      82      64      58      55      49      62      60      51    2163    6658 
 29280      269      54      56      59      41      49      35      42      54      48      59      53      60      52      67      52      62      61      63      60      53    2173    6747 
 37531      269      66      51      48      49      61      65      68      66      69      58      58      60      63      50      59      59      64      66      63      46    2276    6535 
 42341      269      56      61      58      65      67      49      49      67      60      75      47      57      51      62      77      55      61      60      63      47    2115    6698 
 22863      270      42      51      42      47      49      35      47      57      52      53      52      60      63      59      50      58      55      57      48      50    1960    7013 
 26468      273      51      54      63      55      51      65      60      52      62      57      66      64      67      67      56      67      68      53      59      43    2221    6599 
  7021      274      68      61      72      63      71      55      56      63      79      72      56      72      75      72      78      72      56      52      65      37    2390    6315 
 25023      274      59      53      51      53      62      67      62      59      61      55      59      47      62      59      63      63      59      62      68      52    2203    6621 
 27722      274      49      55      62      60      53      54      58      42      61      48      50      60      69      66      58      58      69      59      44      57    2221    6647 
  9134      276      60      55      58      46      57      73      78      60      51      63      67      60      56      57      66      46      55      67      49      53    2246    6577 
 19745      277      45      38      51      44      51      42      44      57      39      48      50      51      52      46      54      53      51      56      49      40    1984    7055 
  4184      279      53      79      68      54      61      60      64      72      86      79      50      72      62      57      62      66      61      60      58      39    2296    6441 
 12849      280      62      56      66      57      76      60      79      67      56      58      63      81      62      63      82      77      71      75      63      51    2409    6266 
 42564      282      69      72      84      58      64      71      63      62      66      79      61      80      71      75      67      77      74      58      51      52    2460    6186 
 25783      282      70      66      51      61      61      64      79      76      79      52      69      59      63      71      90      65      60      50      51      48    2170    6545 
  2782      283      46      61      61      57      65      59      69      57      62      63      51      65      71      60      58      69      71      53      60      58    2370    6414 
 35659      285      68      64      58      67      48      53      56      67      55      61      64      53      46      51      74      65      57      59      56      44    2166    6668 
 13326      286      76      57      69      56      75      89      79      77      66      67      65      77      50      74      57      63      80      67      61      43    2458    6194 
 17160      286      52      66      62      61      59      59      60      64      53      56      61      63      86      70      55      63      67      61      44      33    2365    6440 
 22764      289      81      70      59      68      77      75      68      78      66      67      64      65      75      74      84      66      62      69      68      48    2379    6237 
 52845      290      62      70      55      65      74      60      67      54      64      59      52      61      66      62      69      73      66      63      49      41    2336    6432 
   919      291      83      75      70      81      90      61      64      83      83      68      74      83      72      63      73      71      87      52      66      58    2463    6080 
  7674      296      75      85      95      67      84      74      75      55      85      73      75      78      85      98      83      93      66      73      63      47    2644    5827 
 12674      299      84      64      73      66      64      76      66      71      74      81      86      80      69      65      55      70      70      49      64      35    2455    6183 
   364      300      76      73      63      80      69      74      95      77      74      77      71      69      78      60      68      73      69      72      61      39    2428    6154 
 42366      300      74      87      74      74      67      71      81      67      86      86      72      69      66      74      90      73      76      57      62      51    2392    6151 
  4861      301      89      66      80      95      69      77      76      75      74      77      73      77      82      68      61      94      61      67      61      55    2261    6262 
  5298      303      79     101      87      83      85      73      88      87      95      76      93      76      97      75     108      74      95      90      74      58    2696    5610 
  4887      306      86      80      66      83      69      78      60      95      76      80      81      67      77      72      63      64      56      63      65      43    2189    6387 
  8219      309      94      87      93      86      93      95      91      79      78      92     101      95      72      84     101      96      80      68      67      52    2687    5609 
 37275      309      75      82      60      67      68      71      82      61      68      71      79      66      59      78      64      67      64      53      62      32    2340    6331 
   752      311      69      71      86      60      90      74      86      78      82      71      90      58      68      82      71      82      59      59      50      50    2294    6270 
  7955      311      64      85      76      84      75      78      89      72      74      75      94      94      68      65      64      59      55      63      42      33    2368    6223 
 20008      311      77      77      57      59      75      74      73      69      64      80      59      68      62      59      70      59      54      49      50      34    2158    6573 
 30932      311      76      85      84      83      77      96      92      76      86      84      74      66      96      62      73      86      85      50      62      40    2443    6024 
   208      312      91      99      84      83      85      91      82      65      74      73      78      66      71      71      76      71      83      57      48      34    2513    6005 
 20297      312      84      84      84      89      70      79      80      78      90      77      80      88      85      79      76      65      69      74      54      38    2380    6097 
 38893      312      81      72      76      59      86      85      89      87      72      84      77      78      74      73      68      67      69      53      54      40    2452    6104 
 31898      315      78      74      65      86      60      79      56      75      68      54      69      68      65      75      54      56      49      48      43      32    2038    6708 
 27656      317      94      86      91      96      84      87      94      84      83      84      85      96      86      81      85      63      83      71      54      44    2453    5916 
 40071      317      77      85      67      70      62      60      76      75      65      79      68      65      71      46      70      53      58      53      43      47    2040    6670 
 27771      318      78      75      77      66      69      71      74      72      72      77      66      78      74      67      59      57      57      55      42      34    2105    6575 
  8532      319      60      77      80     103      95      80      93      78      86      73      70      63      79      66      70      87      73      72      44      54    2267    6230 
146480      319      91      74      95      74      88      84      65      89      93      92      79      85      70      84      82      78      76      62      63      33    2432    6011 
 53256      320      93     112     103     107     111     105     104      98     111      88      89      99     110      92      93      85      83      83      63      54    2538    5579 
  2139      324      89      88      94     106      89      85      93      85      98      68      75      75      74      73      58      63      66      68      49      40    2253    6211 
 37663      327      87      81      74      87      93      96      94      95      84     119      63      79      75      74      93      68      68      50      53      29    2467    5971 
  7062      328      91      80      78      82      81      88      90      96      91      81      79      80      67      76      60      62      65      55      54      37    2551    5956 
 17285      328      92      82      84      72      92      64      60      90      69      73      73      70      70      69      63      74      59      58      54      24    2106    6502 
 10926      333      81      81      87      87      87      80      83      73      73      75      72      76      68      76      75      66      53      46      51      36    2195    6379 
  3038      334     102      91     100     108     106      75      90     102      92      93      86      87      90      80      86      75      69      63      56      36    2361    5952 
 14100      335      92      96     100      85     110      84      85      71      89      60      75      87      79      86      72      57      64      57      56      34    2080    6381 
 37911      337      96     104     102      83      92     112      99      99      94      83      85      85      94      67      78      79      75      64      57      32    2193    6127 
 12450      339      85      71      71      85      82      65      70      86      68      71      71      81      70      56      61      58      60      55      36      30    2091    6577 
 34793      340     108      97     112     102     100     118      93      93     107      90      86     106      83      88      83      77      62      73      52      39    2368    5863 
 71001      341     102      93     127      91      92     100      93     109     105      97      92      93      92      89      78      69      75      65      64      40    2381    5853 
 10884      347      97      90      97      90     116     101      83      80      83     114      83      75      89      82      85      77      76      71      47      35    2475    5854 
 38232      349     115      95      88     111      89     131      74     102     105      93      87     105      98      85      85      74      56      51      49      45    2309    5953 
 28894      353     101     104      97      99     100      69      78      91      74      88      77      75      88      89      79      78      52      67      52      36    2308    6098 
 26229      354     123     115     118      95     108     101     102     115     107      93     110      97     101      89      94      95      72      68      45      24    2393    5735 
   935      357     130     106     112     118      91     106     100     124      93      91     100      90     103      96      59      79      76      81      52      26    2423    5744 
 53454      358     103     110      86      75      89     101      91     111      90     100      82      86      95      82      58      78      67      58      40      33    2335    6030 
 53900      373     121     110     103     136     116      85      99     103      99      94      93      78     101      92      74      72      71      51      49      24    2277    5952 
  1602      383     126     131     144     117     125     106     106      98     107     117     113      98     107      64      92      78      84      64      45      29    2494    5555 
 52902      385     131     119     111     149     116     108     124     112     120     103      99      91      85      97      75      81      53      60      55      34    2404    5673 
 24372      394     127     154     136     145     128     109     128     134     132     114     121     112      90     115     110      91      89      59      61      25    2483    5337 
 22418      395     131     115     113      95     101     103     111      94     102     108     111      87      67      86      84      69      60      47      33      15    2282    5986 
 11114      408     154     141     157     145     158     138     165     120     127     122     131     103      97     102      95      98      70      59      35      26    2316    5441 
 40931      413     150     158     135     122     177     167     143     110     146     127     112     120     103     104     107      68      81      54      48      30    2453    5285 
  2436      414     113     131     149     118     118     117     127     112     116     104      89      92      82      77      69      67      59      48      45      22    2154    5991 
  6858      415     154     175     164     158     145     152     139     150     125     130     131     112      98     118      99      78      74      59      41      32    2539    5127 
 98590      427     173     170     171     152     140     163     163     146     157     136     134     117     134     107      74      79      76      73      39      22    2404    5170 
 52969      458     170     163     153     194     156     153     126     141     129     109     108     111     118      98      70      74      67      57      37      15    2170    5581 
122697      459     180     201     176     169     162     177     137     152     160     160     141     125     102     134      97      78      70      60      36      11    2535    4937 
 52993      497     218     197     199     206     190     168     185     160     137     166     160     126     102     102      87      98      68      44      39      18    2522    4808 
 36152      531     229     228     223     163     190     164     183     172     167     141     138     133     109      91     104      68      51      47      25       6    2253    5115 
