 97923       79       0       5       1       4       3       1       2       1       5       2       5       5       8       8       8       9       9      13      24      57    1094    8736 
 68205       88       4       4       0       6       7       2       3       7       3       8       7       9      12       9       9       8      15      19      30      65    1293    8480 
 52860       95       4       5       2       3       3       7       4       6       6       5       8       6       5       6      19      14      12      29      25      62    1290    8479 
134619      104      12       3       5       6       6       6       8       9      11       9      12       9       9      14      24      17      29      23      35      84    1706    7963 
 13870      109       3       4       6       4       3      10       5       9      10       8      15       6      12       8      15      17      12      20      31      71    1464    8267 
 17582      109       5       7       6      10       4       3       7       9       6       5       4       9      11      14       8      17      11      25      34      54    1358    8393 
 37960      111       7       6       9       1       3       4       6       3       5       1       7       8      11      11      12      10       9      14      33      41    1206    8593 
 15172      112       8       5       6       8       7       9       6      10       6       9      15      14      19      12      13      22      17      29      49      70    1552    8114 
 23879      112       8       7       9      12      14       6       7       4       6      10       8       9      14      12       7      14      15      20      35      85    1550    8148 
 53686      115       5       8       8      10       8       8      17       7      17       7       6       7       5       8      14      16      25      24      35      61    1570    8134 
 53785      115       8      12       8       7       6       7      17       7      16       5      15       8      22      12      21      24      26      30      48      93    1829    7779 
  3376      116       4      10      13       7       9       7      12       6      16      16       9      12      12      11      20      20      25      24      49      85    1883    7750 
 53116      116       6       5      10       6       4       5      10      12       6      12       5      14      12       7      11      14      18      25      39      54    1507    8218 
 33050      117       6       5       8      10       7      11      10       8       8      11      12      14      20      14      16      16      22      25      42      69    1480    8186 
 28936      122       8      10       9       6      10      10      13       9      11      13      12      17      23      16      16      21      26      26      37      85    1670    7952 
 89722      123      11      14      12      15      10      14      14      12      19      18      11      19      25      15      16      20      34      34      37     107    1870    7673 
 21717      124       5       8       4       9       6      11      15       7       8      12      11      10      17      15       8      18      22      22      31      50    1425    8286 
 52779      125      10       4       3       3       7       6       9       8       9       7       7       6      10       7      14      21      25      21      33      51    1326    8413 
 40097      126       9       7      11       9       7      11       9      10      14       7      19      21      15      11      18      24      18      25      42      70    1699    7944 
 16568      128       8       4       9       7      11      17      12      11      15      12      14      13      14      17      23      22      28      29      42      69    1723    7900 
 53751      132       9      10      13       4      14       9      12      12      20       7       8      17      15      16      30      20      30      25      42      69    1738    7880 
 39081      138      12       8      11       7      12       7      14      11      11      18       8      14      16      17      17      29      28      22      32      58    1556    8092 
 52670      138      12       6       7       8       9       8       9      12       6      17      12      15      22      16      15      23      23      21      26      69    1720    7944 
 26955      139      13       9      12      22      16      23      18      10      20      28      19      22      26      35      28      34      40      38      61     113    2103    7310 
126615      142      10      17      15      17      10      12      10      12      14      19      13      19      27      24      20      23      27      40      43      70    1745    7813 
 42333      145      10      12      12      14      15      14      19      14       8      13      13      23      19      20      19      20      32      35      49      87    1602    7950 
 15099      146       8       9      15      12      13      10      11      12      11      14      15      14      20      23      10      28      26      27      25      44    1493    8160 
 67546      147      14      14      15       8      14      14      11      18      17      20      16      26      18      21      32      33      35      51      46      73    1772    7732 
 26070      147      11       6      11       8      12      16       5      12      12       7      13      20      14      15      18      19      27      27      26      69    1525    8127 
 18606      148      14      15      13       6      17      24      15      18      18      19      22      23      29      23      29      34      38      51      55      90    1873    7574 
 90274      148      20      17      18      22      21      31      19      20      12      26      27      34      27      29      31      32      39      60      66      99    2195    7155 
 12377      153      14      15      18      12      17      25      21      24      23      27      18      27      23      36      26      32      39      56      54      85    1785    7623 
134510      157      14      16      19      16      22      24      22      21      16      23      28      20      33      24      25      33      41      44      63      72    1838    7586 
 67629      157       9      15      16      10      12       9      13      15      20       9      18      16      17      15      13      20      34      33      51      65    1644    7946 
 27169      158      31      18      22      23      20      17      29      25      29      24      37      36      36      34      35      38      43      40      73      87    2228    7075 
  5173      165      17      22      16      25      28      25      21      22      31      34      36      28      37      41      42      37      57      69      75     108    2339    6890 
 39750      165      24      17      21      23      19      22      14      22      25      23      20      38      33      36      33      33      43      48      68      66    1925    7447 
 41004      169      14      17      18      17      22      20      18      23      19      29      24      20      31      27      43      34      29      39      57      69    1709    7721 
 30429      171      18      21      16      21      18      21      20      21      21      27      27      35      26      30      38      38      46      36      54      74    2084    7308 
   844      174      15       8      13      15      14      17      10      16      19      16      19      19      21      24      28      37      28      39      49      48    1594    7951 
  4085      174      22      20      33      23      14      28      15      33      28      25      28      27      34      41      39      42      50      46      70      84    2039    7259 
 53645      174      26      21      19      29      27      19      19      27      23      26      36      37      29      32      33      44      45      39      57      82    1885    7445 
  9894      179      15      18      15      19      22      17      17      26      16      26      21      30      19      21      31      43      30      37      45      49    1849    7634 
  3228      183      33      24      17      28      29      24      24      45      20      39      36      30      31      37      38      33      52      51      66      80    2098    7165 
 22368      183      29      33      17      26      25      25      21      17      37      40      27      18      42      34      44      55      44      60      63      86    2013    7244 
 17798      188      22      34      22      31      32      29      41      24      29      35      28      35      38      30      33      45      54      46      64      87    2117    7124 
 36749      189      23      20      30      25      24      29      39      30      35      30      38      38      42      40      41      43      52      57      74      62    1863    7365 
 70409      190      17      36      24      34      31      36      36      26      29      28      38      36      33      43      50      48      66      61      45      73    2085    7125 
 16352      190      28      22      26      19      21      19      20      21      11      24      30      24      29      23      39      34      41      39      39      48    1676    7767 
 15156      192      33      36      40      31      39      53      48      34      33      39      41      39      50      51      68      59      63      67      73      99    2536    6468 
   778      195      24      21      21      15      34      24      17      21      20      28      27      23      35      29      47      28      39      38      39      47    1698    7725 
  1446      195      20      27      32      30      34      28      29      30      33      24      34      47      47      47      36      53      51      55      59      82    2138    7064 
 53165      195      32      34      33      33      28      32      32      44      37      40      36      32      52      40      45      60      63      61      71      71    2226    6898 
 12641      197      25      30      31      31      23      36      40      33      31      28      41      42      46      49      40      53      42      52      57      67    2233    6970 
 22681      197      44      29      32      31      32      36      35      33      36      31      36      45      50      39      49      58      58      65      64      84    2284    6829 
  7534      199      31      35      36      30      30      27      23      44      33      43      36      32      48      34      48      49      47      60      62      79    2316    6857 
  1420      204      34      36      35      39      25      40      35      31      46      37      45      46      44      45      47      43      42      53      72      68    1946    7191 
 17665      205      40      49      49      40      52      47      53      48      60      65      53      45      56      52      57      74      67      76      87      87    2557    6286 
 53769      207      32      41      31      37      38      45      35      32      47      67      53      50      52      41      52      51      52      66      79      60    2189    6850 
  4556      208      35      42      37      44      62      40      46      49      59      48      57      48      65      48      53      57      73      71      68      97    2689    6212 
 11502      209      26      24      27      29      23      27      30      31      31      26      34      33      21      31      31      42      33      52      40      63    1855    7491 
 53355      209      29      26      43      49      25      38      39      37      31      34      34      32      45      48      50      41      63      56      59      76    1998    7147 
  2873      209      42      20      41      35      37      42      30      39      40      45      38      33      52      32      39      51      55      54      69      62    2356    6788 
 25148      212      27      17      34      21      45      34      34      27      31      38      38      37      50      44      47      52      39      37      60      60    2207    7021 
 35584      212      28      29      21      20      28      32      30      39      27      27      38      31      27      37      30      47      41      49      52      46    1797    7524 
   450      213      34      38      39      34      41      39      42      43      38      48      52      52      39      52      35      66      67      65      69      62    2143    6902 
 26823      217      44      39      35      42      48      34      58      50      45      45      53      52      50      42      69      45      52      52      53      73    2139    6880 
 90209      221      39      41      39      39      34      50      41      38      46      41      64      60      66      41      55      72      60      73      64      75    2233    6729 
 28506      222      35      48      41      38      36      55      42      45      52      47      53      48      56      60      56      61      49      72      77      69    2387    6573 
 23515      224      34      37      37      40      31      35      35      38      44      38      38      46      37      53      47      42      56      53      56      57    2291    6855 
 27060      224      35      44      43      43      47      47      49      54      51      35      38      46      48      62      62      52      53      65      67      56    2404    6599 
  8433      224      39      32      22      29      41      29      39      36      27      38      38      28      31      42      38      40      50      50      47      50    1941    7313 
  7666      226      33      36      43      46      45      45      53      35      49      56      47      48      56      56      50      57      59      67      67      72    2101    6879 
 20149      227      25      36      36      32      29      38      43      39      46      35      43      32      40      47      39      44      50      50      45      44    1989    7218 
 31815      228      46      45      51      56      42      57      37      48      58      48      49      51      56      63      54      49      57      66      78      74    2431    6484 
 29538      229      34      52      53      62      42      50      43      37      46      61      33      57      56      55      55      62      51      60      74      64    2240    6713 
 60806      230      24      27      30      33      33      28      39      43      28      36      44      47      40      46      45      45      45      51      51      52    1870    7343 
    67      233      42      39      48      51      45      46      36      50      53      61      57      65      61      54      62      63      72      67      61      74    2346    6547 
 16048      233      36      40      41      52      48      51      60      57      40      50      40      67      53      55      61      68      73      69      66      60    2170    6743 
 36095      233      29      35      36      33      37      37      39      38      50      37      39      37      33      32      46      58      43      51      55      47    1856    7332 
 37697      233      62      44      63      51      55      64      54      81      52      74      58      65      60      70      68      78      69      72      74      91    2794    5901 
 26849      237      40      34      54      35      41      34      37      37      44      29      50      55      56      39      48      60      50      50      52      57    2188    6910 
 21519      238      48      67      54      59      49      50      67      57      70      57      73      76      76      72      73      91      71      80      71      82    2774    5883 
 26641      244      40      37      44      41      37      42      46      35      50      49      40      45      44      33      35      46      49      52      57      39    2000    7139 
  2501      245      44      37      46      42      53      40      55      58      39      39      56      51      55      57      43      55      59      54      51      39    2434    6593 
 20990      245      55      61      56      51      53      54      64      58      66      50      57      65      68      65      72      70      83      55      61      60    2506    6270 
  2337      247      27      46      43      39      49      43      39      40      49      48      53      49      47      55      42      39      47      62      53      43    1916    7171 
  9043      248      55      51      44      53      54      47      42      51      54      59      51      52      59      45      61      62      48      60      64      49    2350    6589 
 10173      250      64      51      43      65      62      64      60      61      58      56      57      58      55      59      59      61      48      62      64      63    2652    6178 
 34314      251      56      65      61      48      52      54      51      60      60      64      67      69      69      63      76      62      64      78      69      66    2350    6396 
 42044      251      39      41      48      47      41      54      46      56      54      36      46      50      61      64      51      62      62      67      71      54    2418    6532 
 42416      251      51      48      52      37      69      47      52      49      41      35      58      58      49      60      66      61      78      58      38      49    2468    6476 
 22640      252      34      62      50      60      68      63      61      61      58      71      62      64      51      74      70      58      65      79      67      60    2168    6594 
 24026      252      42      41      33      34      49      42      47      50      38      58      45      59      45      44      57      55      55      51      50      41    2040    7024 
  6965      253      34      43      44      41      46      50      48      49      43      52      35      54      48      44      52      42      52      49      55      45    1983    7091 
 11478      253      66      56      51      60      64      53      70      60      56      51      65      73      78      73      71      74      69      55      76      73    2438    6268 
 25114      257      52      57      52      53      58      54      70      56      52      66      68      54      49      67      62      56      72      59      73      67    2229    6574 
 66555      260      50      53      49      55      79      58      62      55      65      67      69      58      56      66      75      71      71      69      54      69    2431    6318 
 29470      260      51      46      41      40      54      48      43      44      45      47      48      33      44      60      50      57      53      48      52      44    1993    7059 
 16816      261      40      45      46      47      50      55      42      48      63      55      49      54      48      45      43      52      42      54      43      40    2049    6990 
  8961      262      37      44      51      59      49      35      49      52      62      59      43      52      45      63      45      64      63      50      57      37    2228    6756 
  1198      263      67      59      70      54      72      49      77      60      54      59      67      54      60      53      76      65      63      83      70      57    2239    6492 
  8003      264      57      62      69      63      66      73      85      72      54      59      54      54      73      63      55      80      58      74      55      66    2410    6298 
 11056      264      68      69      57      67      64      70      71      56      64      80      63      56      56      84      71      67      82      83      81      58    2423    6210 
 52894      265      55      46      63      41      37      47      44      48      58      55      54      52      50      57      65      71      62      50      71      44    2365    6565 
 11288      265      76      74      53      69      54      82      71      54      59      70      58      78      67      64      83      80      79      89      50      62    2418    6210 
  7823      266      85      67      77      66      66      83      76      80      85      85      88      85      81      96      82      94     101      98      74      65    2910    5456 
 13433      267      44      52      58      58      41      65      56      53      40      75      56      49      67      51      62      64      63      64      64      45    2480    6393 
 41442      267      68      63      63      69      81      64      75      71      66      80      69      69      82      71      72      57      79     103      58      46    2529    6065 
  7104      269      53      56      44      61      58      42      49      64      48      57      45      56      45      45      61      53      44      54      59      33    2152    6821 
 29280      269      57      57      60      61      52      73      46      59      69      68      65      68      76      80      77      65      75      72      56      56    2215    6493 
 37531      269      44      42      61      47      46      51      36      45      50      53      51      46      51      60      54      61      50      45      60      41    2081    6925 
 42341      269      52      72      55      67      46      66      61      47      44      65      67      65      67      56      62      72      65      48      53      41    2515    6314 
 22863      270      58      68      66      56      66      71      54      86      85      86      91      85      54      75      68      71      68      81      66      61    2389    6195 
 12591      271      57      56      37      54      60      56      47      49      63      52      47      48      73      59      55      49      50      52      49      47    2012    6928 
  7021      274      57      53      57      71      52      61      62      60      51      59      56      61      70      74      66      53      65      57      49      35    2568    6263 
 25023      274      72      61      63      80      65      62      76      69      59      89      65      92      75      85      80      63      73      59      65      57    2272    6318 
 27722      274      64      71      57      61      71      57      55      67      72      61      69      74      65      76      53      81      62      59      65      53    2726    5981 
  9134      276      66      59      67      56      72      55      66      75      73      65      74      64      67      56      65      64      72      57      53      46    2656    6072 
 19745      277      80      76      60      68      62      62      82      86      62      82      76      64      80      76      74      77      64      64      74      47    2490    6094 
  4184      279      48      52      67      69      57      58      57      50      46      57      54      46      59      46      62      75      50      47      51      42    2280    6627 
 12849      280      78      55      79      89      72      66      71      59      94      81      73      74      68      85      75      64      74      82      52      48    2564    5997 
 42564      282      39      49      60      64      60      61      61      53      52      54      44      70      46      51      65      52      49      49      61      43    2301    6616 
 25783      282      61      65      49      66      50      49      64      60      50      62      73      54      55      54      56      58      52      54      57      32    1966    6913 
  2782      283      68      49      54      58      53      59      69      59      53      55      58      70      50      62      58      54      62      69      56      45    2362    6477 
  3749      284      52      71      65      40      56      55      49      53      59      49      57      68      53      79      55      57      50      43      60      41    2175    6713 
 35659      285      57      66      60      61      53      43      52      57      74      56      59      67      64      60      55      72      74      66      44      52    2358    6450 
 13326      286      57      56      62      49      54      64      54      61      58      63      77      64      64      60      59      39      64      44      48      50    2064    6789 
 17160      286      53      62      47      68      73      56      53      51      53      65      68      71      66      60      68      58      46      49      53      45    2144    6691 
 22764      289      87      80      78      87      66      83      90      86      75      90      83      90      62      75      74      77      70      75      68      48    2527    5929 
 52845      290      87      69      59      65      79      78      88      80      88      69      81      85      70      77      68      68      66      78      65      45    2301    6234 
   919      291      85      72      91      89      72      75      74      95      87      75      85      97     105      65      72      85      73      88      79      53    2547    5836 
  7674      296      53      75      64      66      50      67      55      76      63      65      64      70      79      59      53      50      54      43      60      39    2135    6660 
 12674      299      81      92      75      84      90      89      91      82      75      85      92      81      80      81      80      78      84      78      76      42    2483    5901 
   364      300      83      78     101      90      76      82      87      78     101      83      84      81      90     104      78      75      84      53      84      55    2499    5854 
 42366      300      89      61      91      90      70      82      70      94      88      77      80      93      80      70      83      65      68      61      59      52    2805    5672 
  4861      301      79      98      96      75      93      77      83      86      92      62      79      75      75      90      89      58      72      74      57      42    2225    6223 
  5298      303      68      57      63      69      79      70      56      56      65      81      78      77      55      62      59      62      56      62      53      32    2478    6262 
  4887      306      78      86      90      99      90      96      82      85      96      92      87      74      69      80      81      80      86      81      62      39    2622    5745 
  8219      309      85      78      85      94      85     109      79      93      90      74      78      72      72      91      84      70      69      47      49      48    2751    5697 
 37275      309     116     115     100      88      78      79      84      96      90      72      77      84      84      87      99      74      67      78      78      63    2774    5517 
   752      311      64      70      85      83      76      59      73      66      59      61      70      67      72      68      66      50      49      59      38      22    2343    6400 
  7955      311      76      73      68      78      86      72      64      74      79      68      81      65      64      64      63      62      63      53      60      25    2176    6486 
 20008      311      63      60      72      62      71      90      85      67      67      65      53      68      67      65      60      44      56      60      48      31    2284    6462 
 30932      311      71      71      71      76      86      65      74      71      63      61      73      72      69      76      70      74      54      70      58      32    2450    6193 
 20297      312      83      69      80      65      63      87      83      73      73      70      57      61      69      70      73      56      61      55      48      35    2340    6329 
 38893      312      58      93      91      72      68      78      75      68      90      64      90      77      71      70      69      64      72      64      48      34    2640    5944 
 21816      313     101      96     107      97     100      97     109     104     103      85      82      94     104      77     106      84      90      76      70      49    2678    5491 
 31898      315     101     112      96     110      96      99      86      96     104     109      91      97      90      98      88      98      93      61      71      51    2720    5433 
 40071      317      74      84      65      67      75      82      70      81      70      73      70      69      73      67      63      66      47      49      48      26    2176    6505 
 27771      318      74      63      94      83      73      67      83     100      74      64      77      73      79      83      58      77      62      66      45      32    2455    6118 
  8532      319      61      88      80      79      76      73      79      86      86      57      72      71      64      70      59      66      58      50      44      46    2457    6178 
146480      319      84      83     101      87     101      89      80     100      76      84      92      90      74      76      73      73      70      72      58      30    2802    5605 
 53256      320      91      75      77      77      77      74      96      76      77      76      80      72      85      77      79      60      60      50      48      30    2470    6093 
  2139      324      64      83      63      79      69      87      74      68      68      69      80      63      67      64      78      67      68      76      57      31    2279    6346 
 37663      327     101     105     107     108     107     100     116      88     103     105     100     103      94     111      92      95      81      78      42      44    2585    5535 
  7062      328     103      98     101     105      93     101     101     107      95      93      85      86      84      84      95      97      71      73      53      38    2458    5779 
 17285      328     100      94     107     125      93     112      93     107      94      96      99      98      84      97      80      77      91      80      65      39    2504    5665 
 10926      333      99      93      83      80      81      73      65      63      88      73      79      66      85      75      72      69      54      48      45      25    2289    6295 
  3038      334     136     101     104     101     107     110      91     114     119     117      99      94      93      99      81      99      76      60      68      33    2626    5472 
 14100      335      64      89      88      59      80      78      92      67      73      86      74      84      68      79      96      55      67      52      38      28    2247    6336 
 37911      337     134     120     103      94     106     106     114     117     126     105     110     111     107      96      97      73      91      80      64      32    2588    5426 
 12450      339      78      85      87     105      85      68      84     100      82      84      84      71      71      98      60      68      73      67      40      37    2459    6014 
 34793      340     121     112     112     132     140     121     120     102     104     102     115      95      99      93      96      89      78      78      64      52    2715    5260 
 71001      341     103      82      82      78      83      88      83      77      81      91      89      59      67      72      79      64      68      51      56      37    2292    6218 
 10884      347      96     117      95      97     110     105      97      89      96      91      83     116      84      81      89      81      63      75      57      32    2679    5567 
 38232      349      78     119      95      90     106      96      91      77      88      87      78     101      81      67      60      69      63      53      51      31    2478    5941 
 28894      353     118     112     116     119     128     119     122     129     126     107     125      96      84     115     105      91      76      75      68      34    2644    5291 
 26229      354     141     128      97     124     110     121     118     121     121     112      97     103      96      94      83      84      91      75      52      36    2972    5024 
   935      357      98     103      92      93      94      81      99      89      75      71      88      73      68      74      67      77      60      60      49      31    2431    6027 
 53900      373     140     131     145     152     156     118     133     127     149     122     120     113      98     110     101      99      86      73      70      38    2592    5127 
  1602      383     117     124     114     107      94     106     101      99      88      86      98      86      99      80      80      70      62      54      49      23    2304    5959 
 52902      385     173     176     182     162     172     160     162     178     156     169     136     137     158     117     119     111      90     102      57      41    3043    4199 
 24372      394     157     159     161     154     147     153     157     144     134     124     131     122     130     133     106      93      81      64      50      30    2693    4877 
 22418      395     132     114     116     115      98     121     114     117     115     118     103      98      83      86      96      68      67      46      41      20    2568    5564 
 40931      413     176     174     141     157     152     128     142     125     120     128     113      98      98      97      91      82      77      55      38      19    2891    4898 
  2436      414     177     137     131     142     141     130     129     115     124     113     107      82      92      91      85      72      71      55      36      27    2366    5577 
  6858      415     168     178     195     147     165     166     169     136     121     125     144     130     107     108      88     103      85      61      50      24    2490    5040 
 98590      427     169     154     145     171     159     127     105     122     122     104     100      93      88      98      74      64      70      53      39      21    2538    5384 
 52969      458     194     194     198     175     166     163     158     154     131     168     124     135     128      85      76      55      58      68      35      18    2662    4855 
122697      459     206     175     180     144     180     148     145     135     160     133     122     117     100      92      80      71      75      47      44      17    2469    5160 
 52993      497     219     210     195     191     172     193     164     175     151     149     127     109     113      85      89      79      55      42      32       9    2373    5068 
