 97923       79       4       2       1       3       0       3       4       6       6       5       8       2       7       2       5      12      14      14      20      64    1177    8641 
 52860       95       4       3       1       4       4       4       5       6       4       4       6       8       6       0       6       9      10      17      19      59    1153    8668 
134619      104       2       8       9       6       7       9       5       7       8       7      11       7       9      11      10      10      13      22      25      65    1531    8218 
125278      106       4       6       2       3       5       8       4       6       1       6      13       9       9       9      16      15      12      20      22      63    1469    8298 
 13870      109       6      11       5       3       6       2       7       6       9      13      11       6       6      10      10      20      24      27      42      67    1390    8319 
 17582      109       9       4       5       7       6       8       6       5       6       9       6       7      10      13      15      16      12      23      35      59    1494    8245 
 15172      112       1       3       6       8       6      11       7      16       7       8       7       8      16      10      15      17      19      23      20      48    1526    8218 
 23879      112       7       7       5       7       9      14       6       6      10       9       5       7      14      14      18      23      19      33      28      81    1651    8027 
  7617      115       2       3       6       7       5       9       3       5       7       5      13       4       8      18      18      15      16      20      24      52    1445    8315 
 53116      116       5       8       8       6       5      10       6       6      11       7      12       9      17      16      18      14      26      32      37      71    1662    8014 
 33050      117      10      10      10       4       7       6      15       2       8      10       3       9      12      16      13      11      15      32      35      72    1424    8276 
 89722      123       5      10      10       8       7       6       9      10       6      10      10      15      11      17      13      12      16      29      37      50    1418    8291 
 21717      124       8      12      11       4       6       9      13      11       9      15      12      19      26      14      16      17      24      17      27      65    1649    8016 
 40097      126       6       5       3       9       6       7      11      12      11      15      14      19      12      15      15      16      21      29      21      63    1470    8220 
 16568      128      14       7      15      12       8       8      15      12      14      11      13       7      12      22      16      17      24      32      52      77    1790    7822 
 84202      129      10       9      12      11      14       8       8      15      10      16      19      14      13      13      10      22      21      30      47      57    1633    8008 
 16436      131       9       7      13       7      14       8      12      11      19      16      17      14      14      11      17      21      29      29      45      72    1658    7957 
 53751      132       6       9      10       4       5       4       9      10      21      18      16      10      11       8      17      19      20      30      39      45    1424    8265 
 52670      138      14      12       9      10      11      12      13      15      17      13      18      20      15      17      21      26      32      28      49      86    1898    7664 
 26955      139       8       7      12       6       7      15      16      15      15      12      17      22      18      22      22      26      35      34      39      69    1668    7915 
 29793      141      11      11      12       9      12       8      14      18      11      16      15      11      12      20      19      29      19      35      40      57    1808    7813 
126615      142       9      10       4      14      12       9      15      16      13      11      16      15      14       9      21      38      31      29      34      50    1463    8167 
 42333      145       6      18      11      21      11      11      15      24      20      24      16      14      15      19      18      25      32      42      47      76    1723    7812 
 67546      147       8      10      10      11      11      15      11      13      11      20      15      18      18      26      19      24      33      34      43      66    1663    7921 
 18606      148      12       8      22      12      19      11      17      18      13      10      23      16      11      27      23      30      40      39      43      56    1805    7745 
 90274      148       9      14      13      13      14      11      14      22      14      20      24      18      24      29      22      26      26      45      57      84    1968    7533 
 12377      153      15      12      18      14      19       7      20      20      18      28      21      24      30      20      36      35      38      52      54      77    2011    7431 
 67637      153      13      12      16      15      10      15      12      14      19      15      22      18      19      21      18      32      34      35      55      79    1761    7765 
134510      157      15      17      21      24      14      19      28      17      11      10      19      22      24      29      30      25      35      36      48      82    1802    7672 
 67629      157       9      14      15      13      10      11      16       8      14      18      15      20      23      21      34      28      43      39      49      74    1668    7858 
 27169      158      16      11      11      15      15      13      18      15      16      22      23      22      18      28      22      31      33      39      43      68    1699    7822 
 62471      162      18      16      14      11      19      27      20      20      19      16      21      19      31      28      39      42      34      27      58      72    2006    7443 
  5173      165      18      21      13      14      15      17      22      19      21      20      26      29      22      26      32      37      47      50      48      81    2127    7295 
 53082      165      15      13      21      17      20      14      21      22      13      16      27      24      32      27      37      31      29      42      39      64    1751    7725 
 26112      165      17      11      26      15      15      19      16      24      16      20      23      22      23      25      32      30      39      38      51      56    1758    7724 
 39750      165      22      17      19      23      21      21      13      27      29      28      29      26      34      33      26      43      46      59      68      74    2087    7255 
 41004      169      14      17      13      11      22      17      23      23      26      20      24      42      22      26      27      38      22      45      67      87    2042    7372 
 30429      171      18      16      19      17      11      24      18      20      17      28      22      26      23      22      33      22      34      42      49      75    1791    7673 
   844      174      14      18      26      16      15      22      22      29      15      26      28      23      36      37      22      36      33      42      41      86    1769    7644 
  4085      174      10      24      16      17      21      21      24      14      24      13      32      24      25      26      28      27      41      37      42      49    1645    7840 
 53645      174      19      21      15      17      16      24      26      31      20      22      33      27      29      41      38      43      27      56      55      79    2145    7216 
  9589      176      17      24      16       9      22      25      24      20      21      26      36      29      35      29      31      30      39      50      52      46    1690    7729 
  9894      179      16      28      20      16      23      23      27      24      25      25      32      32      30      23      39      29      40      46      51      56    1999    7396 
 52613      181      16      21      21      29      25      20      35      30      35      29      29      30      29      35      43      46      43      54      56      65    1981    7328 
  3228      183      18      25      32      20      26      23      25      24      25      21      19      24      22      23      40      32      40      54      65      60    1881    7501 
 64915      183      23      17      16      26      25      17      18      23      14      27      27      24      25      37      36      38      36      39      40      55    1715    7722 
 23218      184      23      16      23      25      16      25      28      30      28      18      31      23      32      29      25      38      44      44      51      62    1928    7461 
 17798      188      20      20      25      12      21      29      33      24      32      28      21      18      34      39      46      46      39      37      57      64    1952    7403 
 36749      189      19      24      22      19      24      28      26      27      34      29      28      42      33      38      47      49      46      42      66      75    2038    7244 
 70409      190      24      18      24      19      28      27      19      24      23      27      26      29      32      40      21      36      41      51      56      66    1948    7421 
 15156      192      33      41      32      30      31      34      29      38      44      43      35      38      41      43      55      58      44      55      70      56    2335    6815 
   778      195      30      25      36      25      21      27      33      28      25      37      35      34      27      45      37      43      48      61      45      50    2046    7242 
  1446      195      33      18      27      22      22      26      32      21      28      27      27      34      22      39      39      40      35      47      50      70    1979    7362 
 12641      197      20      18      21      29      32      37      31      35      31      40      15      43      37      31      34      34      49      54      41      79    2162    7127 
 22681      197      33      26      18      36      25      16      35      22      34      46      21      34      39      43      41      41      30      44      65      60    1969    7322 
  7534      199      22      23      29      31      24      22      26      36      27      22      42      31      46      43      28      36      40      39      53      57    1988    7335 
  9571      207      34      31      31      39      31      36      37      46      44      42      48      49      46      46      51      56      50      56      60      67    2397    6703 
 53769      207      25      31      27      32      24      23      27      37      34      35      24      35      27      41      30      54      45      44      46      62    1958    7339 
  4556      208      28      29      33      36      29      43      39      33      37      55      28      47      39      37      41      54      54      62      68      60    2287    6861 
 11502      209      25      26      28      30      26      34      29      27      34      42      31      42      34      39      36      50      47      43      80      55    2074    7168 
 53355      209      32      23      38      30      29      32      38      42      36      28      34      37      45      25      40      46      45      67      60      59    2030    7184 
  2873      209      39      42      38      30      27      44      50      39      40      45      55      41      38      48      51      42      66      73      71      71    2384    6666 
 25148      212      24      22      32      35      34      31      31      30      42      31      39      42      38      36      58      36      47      37      58      55    1923    7319 
 35584      212      38      30      35      39      39      36      35      43      59      51      42      56      46      49      51      62      49      61      67      80    2473    6559 
   450      213      42      24      37      32      36      35      39      44      35      47      33      42      37      40      48      51      40      67      82      58    2216    6915 
 25437      213      25      36      36      41      37      32      33      46      41      34      51      44      44      52      50      47      57      47      57      64    2274    6852 
 31831      214      33      50      37      33      35      36      36      50      51      49      43      43      41      58      51      59      62      60      67      65    2479    6562 
 26823      217      34      24      28      41      29      28      47      30      44      32      44      40      44      51      48      51      67      47      67      71    2178    6955 
 90209      221      25      30      38      38      43      33      44      39      35      40      34      36      44      38      45      52      34      65      62      74    2062    7089 
 28506      222      22      40      40      25      33      27      43      36      35      40      50      46      49      41      31      56      48      62      50      58    2074    7094 
 23515      224      34      16      31      38      34      41      39      36      59      44      34      40      42      45      38      57      51      64      59      71    2260    6867 
 27060      224      31      35      32      38      30      45      36      32      42      44      34      37      45      42      50      43      46      37      52      57    1899    7293 
  8433      224      61      39      51      42      52      42      46      47      37      51      35      45      56      60      70      65      52      67      81      72    2381    6548 
  7666      226      42      41      31      41      43      46      35      48      42      52      44      58      50      55      50      60      53      46      59      55    2387    6662 
 31815      228      35      45      35      57      42      47      59      53      44      53      55      56      44      69      45      62      67      63      74      72    2538    6385 
 29538      229      34      38      39      33      41      36      33      40      43      27      44      55      46      45      53      54      56      52      56      60    2230    6885 
 60806      230      45      57      60      51      40      51      46      51      54      48      50      63      53      59      63      58      56      64      56      67    2444    6464 
 16048      233      40      38      40      38      60      42      45      41      48      40      54      52      52      76      56      50      57      58      68      70    2328    6647 
 36095      233      46      53      49      47      50      39      46      43      42      42      54      50      56      57      54      58      52      67      53      71    2445    6526 
 37697      233      37      38      37      49      49      48      45      46      55      34      46      36      64      58      59      66      54      73      63      65    2264    6714 
112227      240      42      42      38      29      37      43      37      33      56      59      50      50      38      49      63      49      59      65      54      57    2160    6890 
 25155      243      29      46      37      41      44      48      49      48      47      45      54      42      46      41      56      53      54      55      64      58    1975    7068 
 26641      244      44      43      40      46      46      44      38      37      57      39      43      46      50      43      50      54      48      54      74      66    1894    7144 
  2501      245      50      48      52      44      52      50      50      55      60      61      68      54      48      67      51      66      78      74      49      68    2306    6549 
 20990      245      35      49      44      41      44      53      36      42      53      46      61      63      50      46      45      45      64      56      65      43    2052    6967 
 27961      245      41      53      47      48      40      44      59      60      51      39      56      51      44      61      65      65      59      58      65      70    2484    6440 
  2337      247      40      32      52      48      51      47      50      41      54      47      53      58      47      74      67      59      61      61      53      53    2428    6524 
  9043      248      45      48      49      37      44      44      39      40      37      39      43      45      42      63      40      52      49      49      74      41    2023    7057 
 10173      250      58      52      41      57      55      40      44      61      55      51      61      47      52      52      59      63      56      56      66      47    2237    6690 
 34314      251      58      44      47      51      49      50      56      51      46      68      58      53      63      71      50      70      43      56      52      52    2491    6421 
 22640      252      33      44      55      57      43      39      59      58      47      48      46      54      43      51      61      54      49      53      67      50    2261    6728 
 24026      252      31      54      40      46      42      47      49      57      59      57      47      51      52      59      57      82      64      47      60      53    2047    6899 
  6965      253      47      56      53      48      52      51      39      53      48      47      36      59      44      54      50      55      57      55      73      59    2125    6839 
 11478      253      51      59      43      61      43      53      55      56      52      47      53      56      54      56      56      67      63      57      52      47    2362    6557 
 25114      257      54      56      42      44      46      57      45      49      52      48      54      51      40      48      64      61      64      62      50      52    2014    6947 
 66555      260      56      51      48      50      53      52      39      52      50      56      51      53      71      44      63      50      49      48      72      51    2030    6911 
 29470      260      44      57      37      55      46      51      46      53      45      57      40      51      47      72      72      55      59      62      62      58    2153    6778 
 16816      261      44      46      54      47      49      72      42      49      54      51      42      50      59      63      75      58      57      46      58      54    2362    6568 
  8961      262      48      72      45      53      48      57      49      55      52      59      52      58      73      55      53      47      62      60      71      47    2432    6452 
  1198      263      54      45      49      49      46      54      47      63      49      44      55      70      58      62      58      63      62      56      58      31    2051    6876 
  8003      264      61      54      48      66      56      54      67      54      62      67      57      68      50      64      56      64      78      77      75      66    2551    6205 
 11056      264      54      64      64      56      70      63      52      75      67      61      63      64      72      67      64      62      63      67      65      56    2531    6200 
 52894      265      66      46      46      46      60      55      40      51      54      62      50      50      64      69      55      54      63      63      47      60    2360    6539 
 11288      265      48      42      66      55      58      61      47      79      63      59      67      59      70      63      61      68      68      65      77      57    2438    6329 
  7823      266      73      62      74      54      54      62      67      60      58      67      76      63      76      62      59      65      91      62      57      56    2483    6219 
 13433      267      64      61      65      65      76      50      68      62      70      64      76      62      82      60      65      72      85      74      71      56    2675    5977 
 61317      267      64      70      77      74      71      52      72      64      70      69      71      81      62      64      62      86      80      55      49      53    2658    5996 
 41442      267      66      66      47      59      52      63      70      74      66      70      73      63      71      72      70      71      86      68      61      49    2353    6330 
  7104      269      64      55      65      53      54      51      61      64      70      54      48      63      70      51      71      51      59      73      55      51    2348    6469 
 29280      269      65      66      64      66      56      64      60      66      67      56      66      72      63      65      69      66      76      77      72      47    2410    6287 
 37531      269      50      57      61      50      50      44      60      47      56      60      50      52      60      63      66      45      54      63      55      61    2003    6893 
 42341      269      56      51      57      59      47      49      56      47      57      60      53      60      61      59      57      50      62      61      67      48    2070    6813 
 22863      270      54      69      71      80      67      58      66      79      68      59      66      65      70      73      73      82      60      76      71      84    2729    5880 
 12591      271      48      63      47      66      59      49      64      56      56      66      60      61      57      54      79      74      72      50      60      56    2377    6426 
 35345      271      70      56      51      60      81      88      49      61      74      63      68      62      51      69      57      63      72      72      65      45    2434    6289 
  7021      274      64      62      77      72      71      70      73      71      63      74      58      64      76      66      64      77      68      72      51      56    2347    6304 
 25023      274      67      69      65      66      85      59      57      69      77      68      80      61      58      66      61      73      61      66      51      60    2556    6125 
 27722      274      57      61      57      66      64      78      65      64      71      74      53      70      72      71      73      72      87      63      71      51    2511    6149 
 19745      277      82      68      65      76      78      78      68      73      67      80      76      82      81      77      76      86      79      69      85      58    2751    5745 
  4184      279      68      77      71      70      66      66      73      61      62      72      71      85      65      58      74      62      62      78      59      66    2434    6200 
 12849      280      67      67      64      62      59      69      58      58      74      78      52      68      72      65      83      72      76      82      65      55    2625    6029 
 42564      282      54      59      58      71      72      88      77      63      75      63      79      70      58      72      81      78      71      63      66      55    2566    6061 
 25783      282      63      79      71      82      65      72      69      79      67      71      71      81      81      82      82      55      72      69      76      53    2496    6064 
  2782      283      58      52      62      57      63      60      66      63      39      70      60      65      55      71      71      59      63      49      51      56    2185    6625 
  3749      284      79      78      84      58      72      82      72      92      68      76      83      69      74      60      74      69      69      79      72      78    2468    6044 
 33944      285      71      65      53      58      59      74      65      67      59      49      62      57      85      69      84      71      72      67      57      37    2384    6335 
 35659      285      62      59      49      69      48      57      73      63      73      57      55      53      80      70      74      68      61      63      59      50    2421    6336 
 13326      286      71      75      54      59      76      59      64      65      53      74      76      61      71      70      74      66      72      60      32      46    2380    6342 
 17160      286      65      56      76      63      69      57      65      57      65      73      64      74      71      68      59      71      81      70      50      61    2106    6579 
 22764      289      74      66      86      69      89      90      80      74      82      76      83      87      73      87      81      86      86      73      61      61    2739    5697 
 52845      290      85      85      82      88      83      76      71      81      83      56      59      66      96      90      93      82      81      80      84      51    2700    5728 
   919      291      67      73      67      70      71      59      61      58      57      52      68      58      80      69      65      74      79      57      61      50    2395    6309 
 14498      293      75      81      90      86      82      85      78      92      85      91      94      87      90      81      83      78      63      73      68      68    2777    5593 
  7674      296      77      69      74      61      50      77      58      78      57      68      58      70      75      80      69      73      80      67      61      57    2184    6457 
 12674      299      61      60      71      63      67      58      75      82      62      74      79      67      71      60      64      72      61      46      63      47    2339    6358 
   364      300      96      74      83      86     100      77      80      84      89      82      93      84      89      71      86      82      97      77      73      41    2778    5578 
  4861      301      80      86      68      96      89      76      99      99      70      79      84      87      95     100      81      77      77      71      64      33    2930    5459 
  5298      303      76      86      89      87      86      76      73      55      89      73      91      86      72      88      79      68      55      80      58      52    2689    5792 
  4887      306      93      81      76      86      86     103      76      90      76      93      75      89      86      63      63      77      83      79      61      50    2473    5941 
 37275      309      75      79      83      70      87      74      58      84      84      73      84      82      69      93      87      63      80      53      71      43    2549    5959 
   752      311      86      82      81      93      72      72      78      77      70      81      76      75      86      65      78      67      78      73      61      44    2449    6056 
  7955      311      83      91      78      74      90      84      74      86      85      67      66      92      80      82      83      76      82      52      76      47    2352    6100 
 20008      311      77      69      88      63      85      86      82      74      72      75      69      78      71      74      77      65      64      61      54      41    2437    6138 
 30932      311      69      80      80      93      86      85      75      71      82      79      77      77      75      74      66      90      71      77      58      31    2288    6216 
   208      312      86      77      97      84      84      97      93      83      97      79      91      80      74      73      77      75      73      77      59      42    2706    5696 
 20297      312      97      81      86     104      99      96      90      88      77     103     102      95      86      77     100      88      82      84      70      65    2755    5475 
 38893      312      99      87      87      82     100      96      91      81      86      81      99      94     101      99      75      77      72      68      65      57    2557    5746 
 21816      313      79      75      88      90      63      82      91      81      72      84      75      90      77      75      79      63      74      71      55      47    2469    6020 
 40071      317      80      93      83      91      72      74      75      96      87      74      88      80      70      76      78      78      64      65      51      47    2478    6000 
 27771      318      74      77      86      91      82      78      71      79      86      84      75      62      92      70      82      75      61      71      50      40    2560    5954 
146480      319      78      72      78      74      81      84      89      84      71      74      92      80      75      82      75      80      82      81      61      41    2458    6008 
  2139      324      75      98      79      89     102      95      95      76      79     103      83      88      94      87      74      69      83      82      55      43    2692    5659 
 37663      327     103      75      85      80      84      97      85      80      69      98      76      81      89      74      77      71      60      57      56      43    2359    6101 
  7062      328      83      81      82      75      74      80      76      81      95      79      85      85      86      76      78      75      72      70      52      37    2197    6281 
 17285      328      92      95     104      98      93      95     105      74     100      92      85      78      86      80      96      78      77      60      66      39    2589    5718 
 10926      333     101      88     107      74     105      83     123      85      92      97      94      89      81      89      86      91      84      62      51      44    2721    5553 
  3038      334     106      87     104      98     112      87      83      78      95      97      87      77      77      73      91      67      72      63      56      27    2525    5838 
 14100      335     101      84      93      93      92      94     110      80     105      68      62      87      87      78      76      69      64      75      61      42    2319    6060 
 37911      337     118      96     110      99      93      92      93      86      84      83      84      76      99      66      70      70      83      64      56      33    2478    5867 
 12450      339      92     122      85      76      93     111      77      88     105     104      87      93      89      86      83      71      57      56      54      35    2216    6120 
 34793      340      94     121      90     110      93      95     103      97      82     102      90     104      85      97      88      69      89      71      79      37    2614    5590 
 71001      341      90      92      98      98     110      80      89      83      92      96     106      88      90      82      74      66      65      62      48      36    2510    5845 
 38232      349     120     132     124     131     126     105     118     122     134     112     109     115     118     103      84      85      75      88      67      48    2830    5054 
 28894      353     101     122      94     107      93     100      97     108      91     104      91      99      79      80      81      73      67      62      44      35    2644    5628 
 26229      354     114      95     101      87      94     108     107      88      87      82     102      97      82      88      80      64      65      71      60      41    2619    5668 
   935      357     112     103     137     111     103     128     109     121      86     116     100      96      98      83      80      84      84      68      59      41    2764    5317 
  8342      361     108     111     115     116     111     122     109      99     126      92      97     103      81      94      80      80      64      55      64      41    2475    5657 
 53900      373     129     119     110     119     115     135     130      94     112      86     104     105      92      90      81      69      68      58      43      36    2534    5571 
  1602      383     141     106     128     118     134     103     111     106      94     117      90      92      96      90      65      94      89      73      41      29    2518    5565 
 52902      385     146     129     116     133     112     109     111     121     113     102     125      86     100      83      84      72      65      63      50      27    2566    5487 
 24372      394     132     129     137     138     136     128     113     121     129     123     132     112      98      90      86      63      70      68      46      30    2384    5535 
 22418      395     133     141     135     127     120     119     124     121     113     134     101     105      81      99      77      97      64      64      46      28    2413    5558 
 11114      408     136     152     151     137     155     138     158     130     136     137     127     110      98     110      89      77      54      60      50      35    2679    5081 
 28076      413     127     144     146     134     146     145     131     129     129     132     113      97      93      85      87      68      72      60      43      16    2601    5302 
 40931      413     184     160     153     174     146     163     160     140     157     141     141     121     107      97     100     109      74      57      54      33    2770    4759 
  2436      414     158     173     135     142     142     136     137     134     118     104     105     104     100     105      93      76      50      52      37      27    2318    5554 
  6858      415     167     176     164     149     154     153     134     130     141     130     132     127     119      95      85      85      78      60      55      28    2613    5025 
 98590      427     199     179     184     211     159     175     165     157     127     139     143     120     126     113      87      84      73      62      39      36    2869    4553 
 52969      458     165     161     176     157     185     173     164     169     133     136     150     129     120     103     106      73      77      54      48      14    2695    4812 
122697      459     231     225     192     188     194     166     172     189     172     161     155     141     137     106     100      86      91      57      41      23    2819    4354 
 52993      497     240     238     209     229     214     189     183     158     172     148     124     129     135     116      94      84      62      44      35      20    2452    4725 
