 97923       79       1       1       3       2       2       6       5       1       2       5       3       5       4       8       5       6       7       6      15      54    1211    8648 
126144       86       2       3       2       3       4       3       3       1       6       4       2       5       1       9      11       8       6      14      18      34    1035    8826 
 26765       93       4       5       4       3       8       8       4       8       8       3       7       6       8      11      13       7      14      18      24      43    1371    8423 
 52860       95       2       0       2       3       4       1       7       4       2       4       4       1       3       5       4       7       8       6      20      49     992    8872 
 36327       98       5       3       3       0       4       1       2       5       7       4       8       6       8       8      12      10      13      18      37      58    1422    8366 
134619      104       6       6       4       7       4       3       8       7       4       6       5      11       6      10       6      14      10      18      32      50    1307    8476 
125278      106       2       1       4       7       9       3       5       4       8       8       5       6       7       9       8       7      14      15      24      49    1082    8723 
 53637      108       3       2       6       1       8      10       5       4       4       2       3       7       9      11      10      11      10      16      19      49    1095    8715 
 13870      109       2       2       3       6       3       4       5       6       9       9       5      13      13      11       8      19      11      19      35      41    1180    8596 
 17582      109       6       9       4       5       7       6       5       8      14      11      10       9      13      12      11      13      14      20      25      64    1306    8428 
 37960      111       2       8       9       7       8      10       7      10       5      12      14      15       8       9      12      21      14      30      44      66    1533    8156 
 15172      112       5       2       5       4       8       7       7       4       7       8       9      12      14       9       9      13      22      26      31      61    1333    8404 
 53686      115       4       6       8       6       9      10       4       7      10       5      11      13      12      11      13      15      23      24      32      50    1423    8304 
 53785      115       4       6       5       5      10       7       7       4       9       8      13      11      18      10      19       9      21      17      32      66    1384    8335 
  3376      116       7       9       6       7       4       5      10       6       8       5       8       8       8      13      11      19      16      16      29      73    1353    8379 
 33050      117       5       5       5       3       8      10       9       6       3      12       8       6      13      18      14      10      14      19      25      45    1213    8549 
 53363      119       5       3       3       6       4       7      13       8       9       7       4       8      10      14      10      11      19      35      31      57    1331    8405 
 28936      122       5       3       2       6       9      11       7      13       9       8      12      10       8      10      12       8      13      18      29      44    1354    8409 
 89722      123       7      13       7       9       7       6       9      11      18       9      13      16      19      12      16      18      27      31      34      68    1475    8175 
 21717      124      10      10       5      10       3       8      11       9       9      13      12      10      18      18      11      16      22      36      38      59    1393    8279 
 52779      125       5       8      13      12      11      12       8      11      11       9       5      17      10      15      20      18      17      31      28      61    1580    8098 
 10090      125       8      10       9       7       5      16       5      16       7      10       8      18      21      21      18      16      29      28      43      62    1591    8052 
 40097      126       5       6      10       8       8       2       4       9       9       9       7      11      12      14      15      12      18      28      35      56    1243    8479 
 16568      128       7       4       8       8       7       6       9      12      13       6      13       7       7      17      14      19      20      19      35      66    1575    8128 
 16436      131       6      10      12       8      11      20       6       8      11      14      20      22      12      16      19      16      23      29      38      57    1442    8200 
 53751      132      11       8       7       3      10      12       6      12      13       9      12      12      22      16      17      28      15      28      34      58    1558    8109 
 21477      134      10      13      11       9      14       8      11       5       8      11      16      14      22      21      18      17      29      38      41      55    1559    8070 
 52670      138       7      11      12      16       6      13      15      16      14      18      17      19      19      28      29      20      28      35      46      67    1635    7929 
 26955      139       6       9       8      12       9       9      11      12      13      11      10      15       7      10      18      19      25      26      32      52    1376    8310 
 14373      140      10       9       9      10       8       8       5      14      14      13      15      15      16       9      22      28      21      25      50      57    1499    8143 
 29793      141      11       9      12      11      16      13      15       9      13      11      12      10      15      19      17      26      18      22      30      49    1518    8144 
  8052      142       9      13      10      10       7      17      12      15      24      18      13      22      22      23      19      23      29      35      40      67    1571    8001 
 26070      147       9       9      12      11       9      16      20      20      18      24      26      15      16      15      24      27      24      38      49      64    1849    7705 
 18606      148      15      14      12      18      16      15       9      16      13      14      21      14      16      20      30      36      39      40      51      75    1891    7625 
 90274      148       7       7      11       8      13      14       8      20       6      12      23      16      16      21      13      26      20      31      37      42    1588    8061 
  3640      149      15      16      12      12       7      14      11      15      15      14      15      27      21      27      28      28      27      37      52      70    1691    7846 
 52795      149       8      14       4       5      11      13      14      10       9      14      11      10      16      20      15      22      26      29      26      35    1410    8278 
 11163      149      10      10      18      13      11       9      18      10      15      21      13      16      16      19      23      29      25      25      44      57    1505    8093 
 12377      153      14      14      21      19      17      15       9      21      12      23      31      21      14      14      27      19      31      41      40      75    1688    7834 
 67637      153      12      12      12      12      18      16      18      13      14      16      18      17      27      24      24      29      29      44      51      83    1729    7782 
134510      157      15      11      14      17      18      19      16      14      23      19      31      15      17      19      27      22      24      45      53      61    1753    7767 
 67629      157      16      12      13      20      18      23      21      11      23      26      18      22      24      30      42      28      27      39      48      73    1957    7509 
 27169      158      17      23      15      14      22      23      17      22      27      21      22      20      26      37      42      43      34      55      62      79    1930    7449 
  5173      165      15      13       9      15      14      13      12      16      12      19      13      13      17      22      19      29      28      28      36      50    1443    8164 
 53082      165      18      15      17      16      21      19      22      21      29      24      27      33      19      25      26      34      47      45      65      73    1975    7429 
 26112      165      14      17      19      13      20      16      15      26      25      19      19      30      21      21      16      32      47      45      54      69    1756    7706 
 25122      168      18      18      17      21      16      29      24      23      21      27      19      33      32      31      26      31      38      45      54      69    2016    7392 
 53827      168      15      16       9      18      11      15      24      16      25      18      20      30      20      21      17      32      33      43      47      57    1678    7835 
 41004      169      16      14      18      19      14      15      23      17      14      23      22      23      21      26      26      30      26      41      56      66    1517    7973 
 30429      171      16      18      17      16      17      14      19      20      19      22      23      24      34      21      35      36      53      48      58      61    1743    7686 
   844      174      17      19      21      20      18      25      23      21      31      19      34      31      28      34      31      29      48      45      52      66    2112    7276 
  4085      174      24      14      15      18      19      24      25      26      20      21      29      29      25      34      45      40      39      47      58      76    2063    7309 
 53645      174      17      11      15      21      17      15      16      21      20      15      25      23      25      24      24      28      35      41      35      45    1611    7916 
 81851      175      14      16      10      21      16      26      23      24      33      17      30      12      31      19      32      43      56      42      57      69    1851    7558 
  9589      176      26      12      28      22      17      23      22      19      29      18      29      20      20      21      33      20      28      53      47      69    1727    7717 
  9894      179      16      13      17      19      17      20      19      25      26      20      28      20      26      38      29      29      41      38      36      55    1575    7893 
  3228      183      26      18      28      28      23      30      20      23      28      30      37      32      32      31      36      45      31      45      42      88    1893    7434 
 17798      188      18      17      26      19      16      16      16      18      22      16      30      14      23      26      31      31      31      34      37      45    1626    7888 
  3558      188      20      18       8      19      17      30      19      24      21      22      28      27      35      31      27      32      30      35      40      60    1556    7901 
 70409      190      16      19      25      19      17      25      32      29      32      35      33      42      30      36      37      52      40      40      64      62    1839    7476 
 16352      190      18      17      18      23      23      19      23      20      31      23      25      36      31      26      36      33      39      48      59      53    1743    7656 
 15156      192      28      14      16      27      15      21      27      18      31      39      20      37      23      35      32      35      29      57      44      57    1721    7674 
   778      195      25      33      17      25      31      17      28      24      22      27      22      34      32      21      43      37      43      43      52      58    1759    7607 
  1446      195      30      26      24      12      18      25      34      24      37      36      19      25      27      45      30      36      40      38      43      69    1898    7464 
 53165      195      19      33      27      34      38      23      26      40      33      31      28      27      51      40      57      42      49      65      54      72    2163    7048 
 12641      197      13      28      22      18      18      30      19      24      31      25      27      22      18      27      36      37      36      39      43      48    1694    7745 
 22681      197      27      28      31      29      36      20      16      30      23      32      26      34      32      37      34      35      47      61      49      70    1873    7430 
  7534      199      28      17      20      21      32      34      43      34      23      51      36      41      31      31      61      39      44      51      63      65    1952    7283 
  1420      204      31      35      26      26      32      33      33      42      45      29      35      46      30      48      45      49      40      56      49      66    1925    7279 
 17665      205      32      31      25      39      30      34      36      35      32      39      22      41      40      35      46      45      45      50      80      72    2017    7174 
 53769      207      27      27      27      41      33      41      23      35      44      44      43      42      41      38      44      43      52      56      60      71    2274    6894 
  4556      208      29      20      23      25      27      23      29      29      25      32      22      30      37      33      46      40      60      55      56      65    1952    7342 
 11502      209      24      23      26      21      36      30      24      33      27      29      31      32      31      37      36      47      47      44      53      48    1820    7501 
 53355      209      19      32      25      31      37      31      30      29      28      26      38      31      25      38      31      38      43      50      65      68    1978    7307 
  2873      209      29      21      27      25      34      26      31      40      27      42      40      56      36      36      50      49      48      46      71      74    2358    6834 
125310      209      25      30      24      29      28      22      25      28      33      25      36      32      41      32      47      44      28      38      76      45    1822    7490 
 37705      211      29      31      43      41      28      36      35      33      40      47      44      48      44      57      49      57      63      60      72      69    2253    6821 
 25148      212      28      31      28      25      27      32      23      29      34      40      41      28      28      40      43      53      49      46      59      61    1742    7513 
 35584      212      34      27      34      20      51      30      38      42      40      34      42      51      51      51      44      54      41      51      56      71    2073    7065 
 25437      213      26      36      35      41      31      33      39      37      37      32      36      37      40      58      42      41      53      58      58      63    2052    7115 
 26823      217      35      32      40      33      37      41      47      35      44      43      36      52      56      45      47      62      63      64      67      44    2308    6769 
 29025      219      35      45      29      36      36      40      48      39      45      47      50      42      55      54      38      58      66      68      71      68    2321    6709 
 28506      222      41      32      37      41      31      26      46      31      37      33      50      42      46      55      44      53      53      61      69      68    2051    7053 
 23515      224      36      36      30      28      29      48      29      39      41      36      34      49      42      42      46      36      40      60      51      51    2003    7194 
 27060      224      33      37      28      27      33      29      35      25      33      34      35      30      47      41      33      40      50      39      48      54    1874    7395 
  8433      224      28      28      32      29      31      35      28      34      37      37      45      48      48      47      56      56      53      55      42      50    2044    7137 
  7666      226      37      21      25      30      18      35      45      30      35      33      35      31      31      39      40      47      41      24      56      54    1809    7484 
 31815      228      25      33      44      39      41      22      39      46      43      42      44      46      49      41      49      75      60      62      62      58    2163    6917 
 29538      229      32      27      35      36      38      42      49      43      41      48      43      51      50      50      57      64      56      67      54      60    2337    6720 
 60806      230      34      31      26      33      28      36      28      24      37      38      27      42      43      22      35      31      41      48      46      45    1813    7492 
    67      233      51      53      38      43      37      60      45      35      43      49      56      47      57      42      64      53      47      76      58      59    2460    6527 
 52837      233      36      26      41      32      28      37      33      33      35      35      29      36      41      38      35      48      45      50      45      45    1850    7402 
 16048      233      28      39      26      35      33      42      49      34      42      44      35      37      54      54      56      56      52      51      52      57    2009    7115 
 37697      233      39      25      39      42      46      33      43      44      45      57      41      41      44      51      52      53      62      45      56      58    2015    7069 
 13755      234      38      34      36      42      50      38      38      60      50      47      51      50      56      44      46      59      63      73      55      66    2230    6774 
 26849      237      39      47      35      39      42      55      50      41      37      49      52      64      60      53      57      49      63      57      59      49    2086    6917 
 21519      238      40      42      44      44      42      36      38      40      46      59      46      56      48      56      65      46      76      68      73      66    2106    6863 
112227      240      49      48      44      36      36      37      37      48      60      44      73      55      52      57      54      52      55      57      41      59    2153    6853 
 25155      243      28      37      42      31      43      45      33      40      49      44      59      41      49      58      65      69      59      66      50      52    2002    7038 
 26641      244      37      46      50      43      44      50      46      51      44      54      47      65      84      65      62      61      61      69      61      64    2482    6414 
 20990      245      43      45      48      36      56      41      44      56      56      38      54      44      58      53      55      60      50      65      57      55    2174    6812 
 27961      245      37      38      41      39      44      39      43      30      33      48      49      44      46      49      44      48      51      49      63      54    2051    7060 
  2337      247      46      39      55      50      55      43      39      45      63      48      62      62      50      58      63      44      51      60      72      51    2136    6808 
  9043      248      42      41      33      45      36      54      49      42      37      32      50      46      44      49      56      53      48      59      50      45    1941    7148 
 10173      250      38      31      53      46      45      47      47      48      41      51      50      47      50      57      56      62      68      57      57      42    2120    6887 
 34314      251      45      44      51      48      46      53      34      50      49      45      45      54      53      56      55      52      63      60      62      52    2070    6913 
 42044      251      39      37      46      50      30      49      47      46      43      50      57      55      53      52      56      50      57      52      62      40    2152    6877 
 42416      251      44      45      49      46      47      33      43      48      55      48      51      46      59      53      54      64      63      51      48      39    2031    6983 
 22640      252      36      37      43      38      50      51      58      52      59      42      54      40      68      69      57      63      59      56      46      45    2079    6898 
 24026      252      62      52      48      39      36      39      42      52      65      61      55      53      69      65      55      44      79      71      75      61    2201    6676 
  6965      253      47      35      47      37      53      39      37      47      51      64      53      43      53      57      59      54      64      54      44      42    1957    7063 
 11478      253      31      39      42      25      45      42      40      38      41      35      48      52      50      49      46      41      51      53      43      42    1937    7210 
 25114      257      54      51      48      57      57      52      50      51      49      58      52      45      47      56      55      53      70      54      54      46    2096    6845 
 66555      260      52      52      58      59      56      51      55      51      58      74      57      55      73      58      81      82      72      69      65      68    2475    6279 
 29470      260      49      42      46      41      58      51      63      56      48      55      48      59      60      62      62      66      66      65      55      47    2241    6660 
 16816      261      55      55      46      59      65      53      57      69      58      57      60      64      70      56      58      62      78      57      60      56    2296    6509 
  8961      262      53      33      36      47      37      42      61      46      54      40      63      52      57      49      51      54      61      61      46      39    2137    6881 
  1198      263      50      55      47      38      40      58      66      58      52      47      59      51      56      58      59      57      66      57      53      53    2236    6684 
  8003      264      65      55      49      72      79      68      82      72      61      69      80      58      63      69      57      74      80      78      73      62    2531    6103 
 11056      264      46      56      56      57      50      56      57      48      54      64      50      55      65      43      60      63      60      53      50      52    2082    6823 
 52894      265      53      49      41      48      54      50      47      52      43      61      52      59      57      64      58      52      48      51      54      49    2086    6872 
 11288      265      45      55      60      63      54      45      43      60      61      58      74      59      73      58      58      54      71      62      48      61    2187    6651 
 13433      267      54      42      57      45      49      43      50      48      51      46      56      60      50      56      53      47      53      60      53      65    2030    6932 
 61317      267      58      43      68      62      67      65      66      65      66      52      57      69      62      81      63      73      67      53      62      59    2589    6153 
 41442      267      39      40      48      49      50      52      48      48      48      45      46      55      50      39      58      60      41      52      56      38    2028    7010 
  7104      269      65      52      53      42      46      49      41      63      45      56      60      52      63      53      47      41      67      55      49      52    1950    6999 
 29280      269      48      53      50      57      51      65      54      47      52      63      67      66      77      60      72      60      64      75      70      41    2219    6589 
 37531      269      50      49      51      61      47      47      51      49      43      37      44      52      56      47      59      47      37      35      43      41    1893    7161 
 42341      269      67      50      50      65      64      61      60      59      67      48      55      81      65      54      67      69      68      63      65      43    2299    6480 
 22863      270      50      48      45      48      46      53      58      64      62      49      41      55      54      70      51      56      52      60      44      58    1986    6950 
 12591      271      53      61      65      56      73      60      63      54      49      64      60      79      57      70      62      72      65      74      62      50    2629    6122 
 26468      273      59      51      57      67      49      60      62      63      62      53      53      61      63      60      55      64      76      79      63      54    2201    6588 
  7021      274      45      40      38      59      44      52      58      56      38      51      50      48      61      57      51      54      56      52      56      30    1921    7083 
 25023      274      59      57      73      56      63      61      43      45      74      55      57      59      74      61      64      66      57      44      61      38    2194    6639 
 27722      274      44      67      59      50      64      68      64      68      57      52      59      85      62      63      75      72      71      68      71      58    2364    6359 
 26567      275      42      52      40      50      54      49      49      48      48      53      47      56      50      45      56      48      58      51      48      41    1937    7078 
  9134      276      47      60      62      60      52      53      60      55      65      62      75      48      48      52      56      52      59      51      60      43    2145    6735 
 19745      277      63      72      72      62      67      69      76      61      70      63      60      65      71      72      59      69      52      68      83      51    2535    6140 
 12849      280      73      57      47      53      64      54      70      58      58      65      58      59      67      63      58      69      53      61      58      51    2163    6641 
 42564      282      57      57      72      84      63      51      71      59      53      57      58      55      73      58      71      58      58      57      46      34    2189    6619 
 25783      282      47      54      49      58      69      45      59      63      55      55      55      53      49      50      52      57      45      44      57      40    2009    6935 
  4853      283      59      52      68      67      57      60      43      62      67      72      70      68      53      77      70      52      65      67      69      41    2059    6702 
 35659      285      62      70      58      56      58      56      50      68      44      70      57      61      63      64      68      61      64      42      62      29    2115    6722 
 13326      286      60      59      52      57      65      51      51      55      52      63      69      52      43      57      56      54      51      56      28      20    2070    6879 
 17160      286      56      60      86      78      65      65      68      68      63      45      68      64      73      77      78      72      67      76      70      57    2328    6316 
 52845      290      81      68      72      84      92      77      85      89      95      88      85      84      75      70      85      74      85      91      71      57    2528    5864 
   919      291      69      64      77      70      65      75      76      75      75      71      73      67      73      57      76      70      68      47      61      44    2349    6298 
  7674      296      75      64      46      73      68      64      93      67      76      74      70      72      71      79      61      89      72      70      55      38    2322    6301 
 12674      299      78      67      70      61      75      67      74      58      74      66      58      61      54      57      71      63      68      62      59      45    2188    6524 
   364      300      87      81      77      85      91      77      66      72      66      59      88      65      64      68      73      82      83      67      71      46    2674    5858 
 42366      300      64      78      70      60      72      71      78      67      69      87      64      68      69      57      79      54      70      65      53      48    2198    6459 
  4861      301      59      71      70      75      63      67      61      73      70      63      56      68      62      56      60      64      64      59      50      34    2076    6679 
  5298      303      73      73      71      76      72      72      80      70      63      63      57      63      77      72      84      71      60      63      49      48    2292    6351 
  4887      306      69      86      81      85      86      74      75      80      93      62      80      75      80      81      85      61      71      68      61      42    2292    6213 
 37275      309      79      83      83      74      75      73      92      90      84      86      75      64      81      93      79      77      66      66      62      44    2445    6029 
  7955      311      68      83      72      82      80      85      83      96      62      80      80      79      79      60      59      78      72      69      62      42    2435    6094 
 20008      311      79      84      85      67      94      82      75      93      78      72      90      71      80      87      75      83      85      61      63      47    2309    6140 
 30932      311      51      64      70      63      48      55      66      67      52      68      59      64      69      72      59      64      52      47      40      44    2074    6752 
   208      312      83      86      72      73      99      75      93      83      74      78      82      89      74      75      77      89      70      63      56      45    2327    6137 
 20297      312      75      79      78      69      54      76      63      78      66      60      77      65      61      69      60      77      66      59      57      33    2192    6486 
 38893      312      67      90      76      71      78      84      81      97      81      78      78      62      88      78      97      68      61      61      52      52    2447    6053 
 21816      313      67      77      78      60      66      70      74      69      65      72      58      70      90      80      64      70      57      61      70      34    2134    6514 
 32607      314      76      64      72      64      58      55      57      61      78      65      77      70      52      73      68      55      60      53      53      46    2220    6523 
 31898      315      58      79      77      80      67      72      79      64      63      54      53      84      62      64      75      56      56      43      51      26    2152    6585 
  7658      317      65      80      62      81      97      82      78     101      79      87      70      79      86      81      74      74      66      69      56      46    2398    6089 
 27656      317      81      65      71      74      81      91      69      79      62      65      91      86      69      80      71      70      68      59      59      39    2156    6414 
 40071      317      94      88      88      79     102     104      81      85      83      88      68      97      85      88      80      92      80      86      51      41    2707    5633 
  8532      319      73      84      76      70      84      58      72      63      80      66      76      77      65      84      59      50      48      50      37      37    2122    6569 
 53256      320      87      65      89      57      80      70      62      66      75      70      60      75      67      58      66      58      66      53      60      38    2058    6620 
 10439      323      75      62      85      66      62      84      74      61      73      63      66      66      54      73      72      60      72      61      54      49    2154    6514 
  7062      328     104      84      93      88     103      95      97      96      98      96      91      83     102      79      96      83      65      69      59      31    2427    5861 
 10926      333      96     104     119      90      84      91      80     101      83      92     105      83      85      98      64      85      76      71      53      29    2378    5933 
  3038      334      95      96      90     106      96      92      87      79      82      92      87      98      85      94      57      84      87      74      64      36    2387    5932 
 14100      335     108     107      86     104     115      93     105      98      90      99     112      87     101     108      87      99      99      83      56      50    2695    5418 
 11995      336     112      98      81     100     114      98      99      95      97     101      77      93      92      87      66      89      70      65      70      36    2534    5726 
 37911      337      88      89      71      87      76      87      90      90      78      92      92      94      84      89      70      67      51      58      53      31    2202    6261 
 12450      339      89      91      76      82      81      96      56      75      81      67      74      88      82      69      57      67      69      55      40      26    2197    6382 
 34793      340      88     105      90     101      83     112      85      88      75      81      77      84      75      70      92      62      67      46      39      31    2175    6274 
 71001      341     106      70      88      84     102     101      78      87      71      88      88      72      76      80      68      66      70      80      55      42    2162    6266 
 10884      347      92      93      97     101      96      91      92      84     100      88      85      89      81      81      75      68      72      75      53      26    2139    6222 
 38232      349      99      88      97      89      69      90      89      73      87      71      79      91      78      64      62      79      51      61      43      31    2230    6279 
 28894      353      98      94      95      73      85      97      87      86      83      91      75      73      81      70      83      60      56      58      41      31    2203    6280 
 38760      361     105     123     121     101     116      96     120     116     105     103      93      84      91      81      84      73      77      62      62      38    2354    5795 
 53900      373     104      99      97     105      89     107     102      86     104     115      92      91      78      87      72      63      56      50      50      29    2271    6053 
   476      382     129     114     115     109     130     109     141      98     121     115     112     106      84      97      86      93      65      61      42      28    2584    5461 
  1602      383      92     102     103     104      93     104      91      95      96     106      95     102      83      87      69      84      66      38      33      29    2175    6153 
 52902      385     128     142     138     121     107      96     124     120      95      95     113      90      76      81      89      66      57      59      41      30    2349    5783 
 19216      395     113     106     114     101      93     112     105     111     102      91     103      87     106      74      86      75      80      68      38      23    2271    5941 
 17491      399     132     115     108     117     110     112     104     107     116     115     107      82      77      73      60      81      62      51      41      16    2242    5972 
  2576      403     147     154     155     153     139     143     120     136     132     144     102     113     103     110      85      99      68      63      40      29    2613    5152 
 28076      413     153     146     133     149     137     133     127     117     121     127     101      98     108      91      79      64      64      44      35      30    2343    5600 
  6858      415     125     124     126     128     113     137     123     111     114      96     109      89      90      90      83      75      71      56      32      13    2302    5793 
 52704      421     153     157     126     143     121     143     118     148     138     128     105      95      97      92      82      77      70      69      42      18    2380    5498 
 14571      428     153     158     164     146     170     133     160     139     134     116     123     122     110     101      79      78      56      43      48      28    2482    5257 
 52910      431     144     163     165     163     156     152     136     128     113     129     126     122     105     104     105      84      80      47      39      23    2506    5210 
 53660      456     221     212     211     209     198     176     153     166     178     169     156     121     116     112     100      81      67      50      36      29    2884    4355 
 52969      458     184     178     189     168     158     159     145     166     153     147     123     125     102      94     117      86      71      51      49      17    2554    4964 
 20446      464     228     202     201     218     197     181     193     160     156     159     133     143     125     122      98      78      83      53      38      11    2628    4593 
 52993      497     253     258     242     264     197     202     224     210     198     189     163     138     118     105     103      81      71      39      40      19    2482    4404 
 36152      531     271     335     285     256     230     216     220     183     173     185     166     146     130     119     102      91      66      54      27      17    2436    4292 
