  1883       65       2       0       3       4       1       1       1       2       4       2       3       1       3       4       6       4       5       4      12      23     745    9170 
126144       86       3       3       3       4       4       2       3       7       1       6       5       7       5       5       7      14      10      18      12      40    1182    8659 
 26765       93       2       2       5       5       5       3       9       6       7       7       3       4       6      11       7       9      19      13      32      51    1292    8502 
 52860       95       4       2       4       2       7       4       4       4       1       3       4       5       8       0       3       9      12      14      22      43    1073    8772 
 36327       98       1       6       2       6       8       7      10       1       4       7       9       2       9       9       9      12      12      13      29      52    1252    8540 
134619      104       5       3       2       6       5       3       4      10       3       9       9       6      13      11      17      11      15      19      39      61    1456    8293 
125278      106       4       7       7       4       5       7       6       3      14      14      10      13      16      24      17      28      22      23      45      85    1414    8232 
 13870      109       8       7      12       8       9      10       6      13       8       8      17      12       9      19      23      19      17      24      33      90    1671    7977 
 17582      109       9       9      11      11       9      10       6      11       5      10      14       9      12      14      12      21      36      33      36      81    1667    7974 
 15172      112       2       9       5       1       7       8       6       8       9       7       7       8      11      13      13      11      15      17      28      65    1306    8444 
 23879      112       6       7       4       3       4       5       3       3      11      15       7       6       9       7       5       7      12      15      23      37    1217    8594 
 53686      115       4       6       2       3       3       5       5       8       7       7       4       4      10       9       7       4      13      15      23      47    1190    8624 
 53785      115      10       9      11      10       8       3       8       4      11      14      16      14      13      19      13      23      11      22      35      72    1421    8253 
  3376      116       6       6       4      16       5       9       9       4      16      10       4       7       9       9       6      15      16      27      27      52    1244    8499 
 33050      117       8       8       5      10       6      10      13      16      17       9      14      10      18      20      17      23      32      33      60      90    1699    7882 
 53363      119       6      13       0       3       7       4      11       6       8      11       6      12       8       9      20      13      15      22      29      61    1350    8386 
 28936      122      12       7       5       6      10       8      11       7      12      11      16      11      17      14      22      22      15      22      31      72    1498    8171 
 21717      124       6       7       8      12      13      13       9       6      13      10      10      14      16      15      23      23      26      34      38      73    1528    8103 
 10090      125       6      12       6      10      10      12      12      12       8       7      17      22      12      12      23      20      27      36      36      68    1679    7953 
 40097      126       4      10       6      13       6       7       8      12      10      16      17      11      15      12      22      22      37      34      31      70    1671    7966 
 16568      128       8      12       9      10      13      13      16      17      21      14      21      21      15      20      22      32      39      40      54      77    1896    7630 
 84202      129       6       8       6       3      10       5       9      15       8      11       9      13      12      11      19      21      13      28      30      55    1346    8362 
 16436      131       9       8       8       7       8      12      12      10      12      12      11      19      13      14      20      19      27      40      46      83    1373    8237 
 53751      132       8       7      10       4      10      18      18      18      10      13      10      14      23      19      22      23      29      39      38      88    1394    8185 
 21477      134      12      10       9      12      12      10      16      16      18      17      21      22      20      18      20      32      28      37      49      89    1759    7773 
 39081      138      14       6      15      20      16      20      16      16      21      17      20      21      17      25      34      40      34      44      63      91    1699    7751 
 52670      138       8      18      11      15       7      13      10      13      11       9      18      17      20      16      18      25      23      36      46      61    1644    7961 
 26955      139       6      10       8      11      22      16       8      19       9      11      10      12      19      21      18      23      19      35      41      59    1632    7991 
 14373      140       6       8      15      14      11      10      12      14      17      10      20      25      15      23      18      25      23      28      31      67    1662    7946 
 29793      141      18      14      15      17      14      17      18      17      18      23      24      27      28      29      28      28      34      47      63     107    1965    7449 
 67546      147      16       7      18      16      16      10      17      20      21      15      20      25      34      28      26      26      35      44      57      65    1824    7660 
 26070      147       5       7      10      11      13       8      13      17      12      12      12      17      19      25      14      25      29      19      37      32    1389    8274 
 18606      148      18      11      26      16      16      20      21      27      17      28      26      18      21      35      32      34      51      46      66      88    2127    7256 
 90274      148      11      15      20      12      17      11      21      23      16      20      29      23      18      24      32      39      41      44      45      79    1813    7647 
  3640      149       7       7       9       7      13      13      15      11      16      16      14      21      21      28      19      18      32      28      31      40    1410    8224 
 52795      149      18      10      13      14      22      20      15      11      14      15      13      18      26      25      19      18      22      31      46      59    1718    7853 
 11163      149      12      12       6      10      11       6      10       6       8      11      13      20      15      15      15      23      17      32      35      55    1423    8245 
 12377      153      15       7      12      10      10      15      11       8      14      19      11      12      14      20      18      20      26      24      45      46    1494    8149 
 67637      153      13      14      30      21      24      22      25      22      23      36      31      40      35      30      42      26      42      45      66      98    2078    7237 
134510      157      16      22      27      12      25      25      24      24      26      19      36      22      32      32      46      46      43      55      84     101    2149    7134 
 27169      158       9      15      20      17      19      22      19      20      31      25      23      19      27      35      30      36      46      47      58      82    1585    7815 
  5173      165      25      25      25      23      25      29      29      24      42      33      44      30      25      47      30      47      50      63      74      92    2204    7014 
 53082      165      16      15      13      16       9      13      20      18      10      16      17      25      17      16      20      20      25      30      40      48    1595    8001 
 26112      165      20      10      11      21      18      24      31      16      22      30      21      18      34      28      31      45      43      48      66      83    1985    7395 
 25122      168      14      20      17      19      18      19      10      16      21      18      30      22      23      27      26      26      26      34      42      58    1556    7958 
 41004      169      14      16      17      21      13      24      20      23      16      24      32      21      21      22      39      37      29      31      64      67    1862    7587 
 30429      171      15      22      18      23      17      28      23      25      21      32      31      37      26      26      42      46      48      53      43      70    2019    7335 
   844      174      35      25      29      25      17      27      34      38      38      32      40      43      49      38      46      50      66      56      95      90    2182    6945 
  4085      174      15      11      17      20      14      10      15      21      20      23      17      21      27      28      24      26      21      42      26      50    1636    7916 
  7401      176      15      19      14      16      17      26      16      18      13      17      21      25      24      26      33      26      27      37      44      44    1563    7959 
  9589      176      21      26      16      28      27      14      22      16      22      25      21      27      32      31      32      41      41      47      46      63    2018    7384 
  9894      179      36      34      20      31      34      18      37      24      38      32      38      51      40      36      36      47      56      50      65      91    2059    7127 
  3228      183      18      18      16      11      25      26      17      28      25      27      22      24      34      44      33      32      44      42      51      74    1806    7583 
 35196      183      14      18      26      14      21      15      18      25      21      22      22      35      23      22      34      42      32      40      59      72    1733    7692 
 23218      184      16      27      20      23      29      22      19      23      18      24      29      26      39      34      35      32      39      42      59      58    2118    7268 
 17798      188      25      26      30      27      27      33      39      33      29      32      41      39      50      40      49      61      58      61      64      92    2120    7024 
 36749      189      16      21      20      17      26      26      23      26      34      30      23      29      28      40      28      29      41      45      42      55    1882    7519 
 70409      190      13      28      24      26      19      16      16      22      20      24      23      26      40      42      36      34      43      41      42      58    1701    7706 
 16352      190      33      27      35      33      27      34      38      32      45      50      40      47      47      49      47      49      55      74      65      59    2080    7034 
 15156      192      19      19      18      15      20      20      15      14      23      13      35      18      30      26      31      32      26      37      45      37    1699    7808 
   778      195      18      22      27      27      34      18      27      18      25      22      26      44      27      40      32      43      33      44      47      53    1963    7410 
  1446      195      14      19      31      25      27      28      25      26      22      28      23      24      30      25      30      32      33      42      45      38    1780    7653 
 11460      195      20      26      15      16      19      13      29      28      23      23      26      26      25      32      33      43      35      46      42      58    1773    7649 
 53165      195      26      28      31      20      29      27      30      39      28      35      16      26      45      32      48      35      36      42      40      59    1792    7536 
 12641      197      34      24      34      40      43      40      44      49      47      44      42      54      62      68      47      62      52      71      87      82    2361    6613 
 22681      197      44      46      41      50      42      37      47      30      40      46      40      53      50      62      52      57      76      80      84      93    2385    6545 
  7534      199      29      21      34      42      30      41      35      32      34      28      25      40      42      43      49      52      47      57      70      52    2143    7054 
  1420      204      42      31      45      27      44      38      34      46      30      48      54      45      40      53      59      54      50      58      61      88    2184    6869 
 17665      205      28      42      29      29      37      26      37      32      43      45      39      47      51      51      45      44      55      53      59      64    1802    7342 
 53769      207      32      19      21      25      28      23      33      39      26      22      37      28      41      25      41      42      40      57      58      59    1793    7511 
  4556      208      22      24      25      32      39      31      36      37      28      33      36      30      38      45      37      50      47      53      53      53    1978    7273 
 11502      209      32      28      30      37      40      34      31      36      37      32      37      34      45      50      42      55      58      62      58      53    2072    7097 
 53355      209      45      43      38      31      45      63      32      42      37      49      42      48      42      63      54      70      66      95      82      83    2129    6801 
  2873      209      18      26      28      28      31      21      29      31      19      26      36      21      31      32      31      44      33      39      39      55    1810    7572 
125310      209      38      39      32      29      30      37      38      40      29      39      51      44      54      47      45      49      58      53      65      82    2272    6829 
 37705      211      20      28      28      29      24      27      26      24      30      19      33      24      38      31      33      33      32      37      61      51    1869    7503 
 25148      212      54      39      32      38      53      53      60      51      55      66      59      71      60      52      73      71      69      67      95      87    2410    6385 
   450      213      27      20      25      20      30      24      31      27      35      31      25      30      36      38      39      47      56      36      45      42    1916    7420 
 25437      213      29      26      26      27      39      29      25      28      39      32      36      31      37      31      37      59      43      50      69      45    1994    7268 
 26823      217      44      37      38      40      46      53      43      55      36      62      47      63      50      57      58      56      56      84      61      87    2339    6588 
 29025      219      41      32      39      40      21      32      47      35      45      35      38      54      39      57      56      56      54      43      60      57    2214    6905 
 28506      222      27      31      31      37      27      33      36      24      25      24      19      33      41      41      38      43      41      36      49      30    1921    7413 
 23515      224      54      42      36      43      59      42      45      45      26      56      70      63      49      46      55      65      75      82      79      93    2324    6551 
 27060      224      42      43      43      42      32      33      44      44      49      47      56      53      49      54      54      54      56      70      63      66    1946    7060 
  8433      224      30      29      25      35      32      28      37      28      33      30      31      34      39      37      32      47      32      62      43      46    1878    7412 
  7666      226      30      38      30      38      29      38      35      28      37      25      38      41      58      36      47      48      47      60      42      42    2101    7112 
 31815      228      48      43      42      48      54      38      42      37      44      37      37      37      75      58      57      77      82      56      61      59    1926    7042 
 29538      229      35      34      38      41      41      41      35      33      28      39      48      52      46      40      59      57      56      61      55      58    2322    6781 
 60806      230      22      26      27      28      29      41      28      43      42      39      37      38      46      43      42      34      37      50      43      26    1978    7301 
 16048      233      35      35      42      45      43      43      46      43      49      53      43      59      56      54      69      68      69      72      63      63    1981    6969 
 36095      233      32      45      33      43      37      52      40      38      41      44      55      50      40      41      58      37      57      58      58      61    2087    6993 
 37697      233      31      38      34      26      34      33      31      43      61      35      28      29      45      39      30      44      44      44      52      37    1994    7248 
 13755      234      32      33      38      38      26      35      36      35      46      34      40      46      37      41      41      44      49      51      59      49    1920    7270 
 26849      237      24      40      28      37      35      41      42      35      44      37      33      40      43      39      53      43      52      43      55      46    1971    7219 
 25155      243      49      40      64      43      57      62      46      61      64      51      61      65      59      50      64      67      72      72      62      54    2027    6810 
 26641      244      47      49      58      55      59      60      67      73      74      60      63      64      62      70      73      72      87      97      82      74    2399    6255 
  2501      245      40      30      37      40      29      36      36      42      42      49      45      40      46      40      43      47      38      47      45      39    1967    7222 
 20990      245      49      42      48      54      51      50      65      43      61      53      58      55      65      57      67      63      66      58      64      54    1987    6890 
 27961      245      33      52      31      31      36      34      37      51      43      46      37      61      49      54      62      57      51      54      37      63    2173    6908 
 28399      246      61      38      58      36      46      37      53      54      66      58      42      64      57      56      51      62      63      66      46      52    2315    6619 
  2337      247      55      52      39      57      49      64      44      61      57      64      76      57      67      71      62      57      72      62      59      41    2436    6398 
  9043      248      48      66      63      72      57      48      66      73      58      66      74      80      73      67      76      76      72      86      74      66    2341    6298 
 10173      250      60      58      40      70      53      59      74      58      44      64      59      62      52      55      62      55      73      64      76      61    2031    6770 
 34314      251      46      33      40      49      45      56      48      49      48      47      51      54      43      52      55      38      44      50      67      43    2231    6811 
 42044      251      45      39      43      34      53      47      43      44      41      43      48      42      48      49      57      42      52      52      52      39    1972    7115 
 42416      251      38      44      33      43      51      53      58      60      44      43      44      62      46      58      46      53      68      54      60      44    2040    6958 
 22640      252      57      43      54      67      47      55      54      65      56      59      55      47      55      57      54      67      65      67      64      62    2321    6529 
 24026      252      50      52      46      55      48      59      56      49      57      66      59      69      57      56      55      66      69      62      74      65    2473    6357 
  6965      253      50      48      55      51      49      42      52      54      58      60      58      58      57      79      64      67      65      60      57      61    2287    6568 
 11478      253      55      49      50      45      48      72      69      72      46      43      54      78      66      47      71      72      56      49      61      49    2301    6547 
 25114      257      58      50      62      58      47      51      64      63      46      61      66      70      64      64      57      69      54      60      43      62    2376    6455 
 66555      260      43      35      49      44      49      38      46      38      41      40      46      40      53      36      45      49      35      50      49      35    1932    7207 
 16816      261      42      53      55      53      57      57      80      67      55      50      51      68      68      64      69      55      69      68      67      62    2311    6479 
  8961      262      52      63      39      48      51      52      73      65      58      62      50      54      46      57      53      63      63      58      66      43    2079    6805 
  1198      263      46      44      39      48      44      41      50      23      46      41      50      45      49      41      61      49      59      55      39      40    2060    7030 
  8003      264      73      72      63      64      77      79      74      76      65      80      76      82      65      86      92      69      83      56      67      59    2428    6114 
 11056      264      52      33      37      47      48      42      54      56      47      42      44      46      53      58      55      62      58      58      57      43    1990    7018 
 52894      265      74      69      71      65      65      87      61      85      71      72      82      69      84      82      83      83      75      87      72      60    2424    6079 
 11288      265      64      51      67      46      71      54      60      55      52      75      67      57      63      78      74      70      56      53      67      58    2462    6300 
  7823      266      29      52      39      39      48      34      41      49      44      52      52      59      47      35      55      43      42      54      34      51    2121    6980 
 13433      267      37      48      44      59      46      41      57      46      57      60      44      50      50      32      57      46      59      43      50      50    2085    6939 
 61317      267      65      63      48      66      68      44      53      62      61      61      56      54      60      81      62      68      67      72      77      55    2376    6381 
  7104      269      50      52      63      49      46      52      53      49      62      63      48      58      47      67      62      47      58      56      56      34    2082    6846 
 29280      269      54      57      68      48      54      61      49      56      60      67      73      59      72      38      70      61      63      56      70      61    2412    6391 
 42341      269      69      64      59      68      65      71      62      58      74      64      79      73      66      67      73      65      79      68      55      46    2126    6549 
 22863      270      59      43      54      47      63      56      51      62      54      56      48      72      52      62      52      58      55      60      52      52    2214    6678 
 12591      271      51      53      55      46      67      53      52      55      67      50      49      57      60      46      57      47      42      52      40      38    2054    6909 
 35345      271      52      67      60      64      67      62      62      64      76      72      81      70      74      64      97      61      90      71      55      64    2143    6484 
 26468      273      55      42      46      43      54      39      43      40      57      41      51      56      41      57      51      57      46      50      46      39    2101    6945 
  7021      274      79      81      91      84      85      89      79      90      84      93      80      82      91     104     106     107      97      78      73      66    2653    5608 
 27722      274      50      62      46      48      43      54      41      45      48      41      56      46      51      36      49      56      58      52      45      31    2139    6903 
  9134      276      63      54      63      73      55      67      68      56      66      59      54      72      50      68      59      58      72      67      53      45    2314    6464 
 19745      277      68      67      76      72      82      79      75      78      84      72      67      77      77      63      83      81      74      76      63      58    2143    6385 
 12849      280      78      68      80      71      75      96      88      82      60      84      82      87      93      93      82      84      85      90      67      69    2529    5857 
 42564      282      51      72      62      66      71      67      67      59      77      69      69      69      68      67      68      67      72      64      54      45    2357    6339 
 25783      282      67      54      69      87      51      75      58      51      63      66      59      68      56      77      76      62      67      44      49      47    2321    6433 
  4853      283      78      65      64      83      77      68      72      70      81      69      79      82      71      85      69      84      78      75      85      44    2674    5847 
  3749      284      55      67      82      66      87      80      61      74      66      71      74      59      66      65      73      68      80      69      69      51    2586    6031 
 33944      285      58      59      65      61      58      68      68      57      63      59      53      55      56      64      52      54      56      62      43      36    2120    6733 
 35659      285      56      60      60      61      61      67      57      55      69      60      63      68      64      67      71      60      50      48      50      39    2297    6517 
 13326      286      56      71      72      52      61      71      60      61      62      57      62      47      71      62      57      65      63      47      53      48    2163    6639 
 17160      286      66      55      56      57      70      48      53      64      50      66      58      58      49      66      54      73      49      58      47      33    2169    6701 
 22764      289      66      63      50      40      56      61      49      54      55      57      56      69      53      65      47      59      50      56      41      33    2155    6765 
 52845      290      62      49      58      57      62      58      79      83      62      68      57      75      62      56      71      52      70      66      63      42    2153    6595 
   919      291      44      58      57      65      53      67      61      57      54      46      59      54      63      66      55      60      45      43      53      28    2150    6762 
  7674      296      66      69      82      81      67      54      66      75      59      73      73      61      62      74      61      67      59      67      50      26    2212    6496 
 12674      299      89      92      70      69      80      85      79      77      87      86      86      92      78     100      79      75      75      75      66      50    2187    6223 
 42366      300      57      75      73      66      73      65      61      65      79      75      80      70      57      61      59      63      72      78      37      35    2368    6331 
  4861      301      55      61      58      65      45      59      61      69      56      56      67      42      62      73      53      53      52      50      46      30    2226    6661 
  5298      303      62      60      64      71      50      76      58      55      59      66      71      51      60      56      44      56      53      38      50      22    2221    6657 
  4887      306      71      70      72      64      61      62      58      90      73      62      58      67      66      78      72      81      89      67      53      42    2238    6406 
 37275      309     108     111     104     112     103     113     102     109     113     106     129     103     103     110     102      87     105      94      82      65    2721    5218 
  7955      311      63      69      63      71      69      56      74      65      65      49      57      66      65      57      53      44      50      53      35      39    2205    6632 
 20008      311     119     102     112     124     110     111     117     113     127     117     123     127     111      98     112     122     103      84      72      57    2706    5133 
 30932      311      90      97      92      90      89      91      80      98      83      92      83      91      88      72      77      86      81      83      66      52    2627    5692 
   208      312      57      66      71      67      73      52      64      70      64      50      59      70      70      62      56      60      57      43      50      33    2196    6610 
 20297      312      44      70      65      63      61      60      63      78      64      80      57      50      55      62      56      74      62      61      42      25    2314    6494 
 38893      312     131      87      98      81      78      98     123      86      93      80      86      78      92      83      93      76      74      71      49      44    2216    6083 
 21816      313      64      62      49      63      65      63      61      63      65      68      56      58      77      52      51      48      48      39      59      31    2206    6652 
 32607      314      80      94      84     100      97      90      76      83      91      89      89      92      72      72      76      78      72      64      55      45    2533    5868 
 27656      317     103      79     104      93      87      87     106      90     101      99     101      73      78      98      75     102      87      68      64      36    2711    5558 
  8532      319      86      85      96      81      92      95      86      77      88      77      89      87      86      76      67      77      69      74      57      38    2632    5785 
 10439      323      71      62      62      57      71      72      73      69      68      70      76      77      55      54      52      59      63      65      45      25    2266    6488 
  7062      328      88      93      92      94     108     108      90      95      81     107     100      96      95      78     108      71      74      70      66      36    2524    5726 
 10926      333      72      71      81      78      83      71      64      72      69      63      62      67      66      71      65      64      56      45      44      20    2240    6476 
  3038      334      66      78      73      89      74      85      86      72      62      85      74      59      69      60      77      61      71      57      37      32    2273    6360 
 14100      335     108      79      73     100      94      67      70      71      75      62      65      63      82      72      73      50      61      58      46      27    2321    6283 
 37911      337      87      98      91      78      81      89      92      89      85      76      75      72      80      75      65      69      63      52      49      30    2286    6218 
 12450      339      83      88      82      90      81      85      99     109      87      75      83      74      94      75      67      84      63      59      46      33    2448    5995 
 34793      340      84      96      82      89      93      91      90      73      93      72      69      86      71      79      84      69      60      50      57      23    2249    6240 
 71001      341      70      85      85      91      57      73      71      80      81      75      76      69      92      75      73      58      59      44      37      29    2406    6214 
 10884      347     103     110     133     121     107     102      94     115      88     107     101     120      98      86      90      97      78      66      69      27    2566    5522 
 38232      349      92     103     102     107      96     106      97     106      94      95     113      85      75      82      85      62      69      57      41      30    2459    5844 
 28894      353      77      93      84      82      88      99      97      88      92      75      82      72      92      76      64      60      52      49      42      13    2354    6169 
 25080      359     117     104     109     104     103     106      96      93     110      97     106     102      91     118      80     108      77      61      48      33    2637    5500 
  8342      361     102     143     121     106     112     120     130      84     113     103     123      98     111      99      90      69      63      74      49      45    2645    5400 
 38760      361      83      86     108      89      92      82      85      83      88     104      78      96      82      73      58      62      52      61      37      27    2326    6148 
 53900      373     135     133     132     138     136     147     133     121     100     119      97     102     109      91      87      86      81      79      64      24    2756    5130 
   476      382     112     109     108     114      97      96     102      93      98     106      92      74      85      88      78      53      59      42      43      25    2350    5976 
  1602      383     140     131     124     119     122      94     129     127     115     129     103      94      95      82      80      70      76      60      52      26    2406    5626 
 52902      385     110      98      96      98     101      92     102      75     113     102      98      92      90      81      67      68      57      46      43      31    2410    5930 
 19216      395     164     158     143     142     150     136     119     121     113     122     108     110     112     109     100      91      59      71      59      22    2699    5092 
 17491      399     140     149     140     137     124     127     114     138     117     118      99      87     103      94      91      66      79      56      44      20    2380    5577 
  2576      403     117     114     108     124     117     121     121     110     105     117      86     100      86      83      86      67      75      56      41      19    2358    5789 
 28076      413     129     131     126     117     120     107      97     107     117     106      97      88      83      68      63      63      57      49      41      19    2453    5762 
  6858      415     153     125     116     116     119     121     115     110     123      95      92      87      96      83      63      78      57      40      42      13    2399    5757 
 52704      421     143     132     128     130     123     135      89     117     129     108     107     101      95      92      75      62      63      61      38      17    2403    5652 
 14571      428     132     152     143     125     127     125     116     122     115     107     131      85      81      97      70      70      69      41      39      16    2497    5540 
 52910      431     192     178     199     178     183     168     168     164     142     151     134     116     114     113     119     100      70      59      55      23    2218    5156 
 53660      456     205     184     162     177     140     161     129     139     126     134     122     105      90      99      94      73      64      40      32      19    2422    5283 
 52969      458     190     169     155     155     160     156     131     146     142     141     108     108      84      70      70      65      61      47      36      16    2486    5304 
 20446      464     179     156     193     166     165     139     148     128     130     134     111     102      72      87      77      66      51      40      35      20    2365    5436 
 52993      497     241     244     234     200     200     185     190     172     162     150     148     144     130     112     101      66      61      52      25      14    2382    4787 
 36152      531     243     283     246     223     211     200     191     184     181     147     161     146     104     103      91      65      44      48      28       9    2416    4676 
