 97923       79       2       4       4       2       1       0       4       4       5       5       4       4       4       5       4      10      10      10      14      57    1275    8572 
126144       86       7       1       5       2       4       3       2       6      14       6       8       8       6       7      12      11      19      24      17      67    1510    8261 
134619      104       6       5       9       7       5       5       3      11       9      11       9       9      13      15      15      16      16      27      36      93    1966    7714 
 13870      109       8       3       7       6       4      10       7       8       8       7       7       9       9      13      13      17      16      36      37      93    1729    7953 
 15172      112       5       6       3       6       6       6      11       7       3      12       6       8       6      12       7      13      15      18      39      64    1760    7987 
  3376      116      14       8       5      13      10      11       6      12      14      16      10       9      20      10      23      21      17      34      34      82    1773    7858 
 33050      117       5       7       5       7       8      10      12       9      11      10      11       8      15      10      16      15      18      24      34      90    1828    7847 
 40097      126       7       8      15       5      14       9      10      21      10      10      14      21      10      26      21      21      25      33      44      98    1972    7606 
 16568      128      12      11      12      14      10      16      15      12      16      16      17      15      11      22      23      19      38      39      48      93    2050    7491 
 52670      138       9      13      18      13      14      18      15      26      24      18      23      21      31      22      25      37      38      53      69      99    2367    7047 
 14373      140       9      17      15      14      11      13      15      15      15      23      12      22      18      19      21      29      44      36      53     104    2104    7391 
 29793      141      11      16      13      16      14      12      17      17      18      16      20      25      23      31      35      25      32      51      71      78    2137    7322 
 42333      145       9      13      10      13      10      14      11      16      14      22      26      19      24      25      27      27      37      52      65      90    2089    7387 
 15099      146      13      17      11      23      18      15      24      18      18      21      26      20      30      25      31      30      42      58      72      83    2443    6962 
 36244      148      16      15      15      18      16      24      13      17      17      14      14      33      20      31      27      27      42      58      63      92    2035    7393 
 12377      153      14      18      17      17      14      16      20      15      20      28      18      29      31      26      32      34      32      45      61      90    2352    7071 
 67637      153      18      13      19      15      15      19      20      32      15      25      25      23      30      20      34      34      55      65      61     119    2493    6850 
134510      157       6      11      14       9      11      10      10      15      15      13      14      14      19      21      21      26      30      30      54      68    1958    7631 
 25361      162      17      20      21      19      20      18      18      20      17      22      31      22      34      28      28      38      36      47      42      87    2341    7074 
  5173      165      16      19      27      16      20      20      26      17      30      28      22      40      27      37      40      30      29      48      66      96    2209    7137 
   844      174      19      22      15      19      19      16      28      19      20      30      19      22      26      36      44      41      49      54      54      83    2272    7093 
  4085      174      15      25      24      22      21      17      27      23      28      24      34      32      20      43      45      37      55      56      57      71    2390    6934 
 53645      174      15      21      26      17      17      22      20      21      28      22      20      32      36      26      38      31      50      48      59      83    2293    7075 
 81851      175      22      16      20      17      16      16      20      27      23      26      26      32      32      37      39      50      33      42      67      82    2356    7001 
  9894      179      25      21      24      18      32      19      29      23      22      37      32      34      33      38      46      48      50      48      71      76    2396    6878 
  3228      183      19      23      26      15      29      22      36      32      29      29      37      27      29      39      34      37      41      65      67      79    2639    6646 
 22368      183      15      28      30      22      22      19      30      42      25      37      39      44      37      48      45      48      42      60      69      96    2421    6781 
 23218      184      20      30      21      26      28      31      32      30      26      32      45      37      37      46      37      58      57      58      65      92    2448    6744 
 36749      189      26      28      29      23      32      35      31      31      36      44      28      32      42      36      49      56      43      60      69      93    2455    6722 
 15156      192      19      30      34      31      35      23      25      26      26      35      38      36      32      47      47      54      54      63      61      88    2380    6816 
 34090      194      30      18      22      30      40      32      28      31      30      33      42      43      43      32      49      46      53      65      66     104    2654    6509 
   778      195      15      17      27      31      29      36      29      33      36      42      32      29      46      39      49      45      45      57      56      89    2578    6640 
 12641      197      26      29      31      29      26      24      30      42      33      35      34      47      41      45      49      48      53      72      80      96    2442    6688 
 22681      197      22      25      22      30      25      42      29      33      32      36      38      34      55      44      52      53      47      67      58      89    2463    6704 
  7534      199      30      27      31      39      38      33      35      31      46      44      47      42      49      45      49      54      43      54      85      88    2714    6376 
 53769      207      32      20      33      31      34      32      33      26      37      36      47      40      35      49      39      56      59      56      75      93    2636    6501 
  4556      208      33      25      25      30      33      34      41      32      49      47      32      55      47      57      44      51      72      56      66      88    2793    6290 
 53355      209      29      28      44      43      43      44      33      29      38      35      41      42      39      38      43      43      49      50      81      77    2544    6587 
  2873      209      38      37      34      34      50      32      40      40      41      51      44      35      41      41      47      53      62      60      80      74    2908    6158 
 25148      212      43      52      37      38      37      44      44      48      48      42      48      53      48      60      65      58      78      81      96     101    3092    5787 
 25437      213      37      31      33      39      40      40      47      49      43      51      45      49      47      57      54      78      74      57      60      89    2718    6262 
 31831      214      36      38      38      33      44      36      38      37      49      50      39      54      46      47      47      49      53      64      88      91    2879    6144 
 26823      217      41      43      34      40      19      33      42      38      46      41      43      42      49      54      60      52      59      61      73      91    2437    6602 
 29025      219      26      37      38      31      46      31      46      33      47      44      40      41      56      58      45      62      64      64      77      76    2579    6459 
 90209      221      47      41      39      47      41      49      54      50      53      39      56      61      69      51      66      57      59      73      78      70    2764    6136 
 28506      222      44      47      29      24      56      40      51      39      45      54      41      36      44      47      41      49      65      59      78      80    2595    6436 
 23515      224      28      33      49      42      36      41      40      43      41      49      39      51      47      43      54      62      74      73      74     109    2608    6364 
  8433      224      39      47      35      47      59      64      63      38      48      38      67      61      66      75      62      79      59      92      93     107    3018    5743 
  7666      226      41      32      50      28      44      37      38      48      46      46      46      58      66      60      60      55      73      72      66      79    2585    6370 
 60806      230      37      32      35      32      45      43      50      48      52      58      55      56      69      61      69      61      70      77      79      88    2600    6283 
 21519      238      30      44      40      35      36      47      39      45      42      35      39      43      57      43      48      65      68      58      71      83    2428    6604 
112227      240      59      59      50      59      42      46      68      59      65      59      68      50      74      84      77      82      87      96     112      97    3111    5496 
 25155      243      53      52      45      42      54      49      41      38      41      64      49      61      58      62      71      72      61      66      90      59    2752    6120 
 26641      244      47      42      53      56      67      51      57      53      73      73      49      68      63      55      69      70      76      83      89      85    2995    5726 
 20990      245      44      48      60      61      52      56      45      50      73      51      61      52      67      79      59      61      59      60      75      82    2705    6100 
 42044      251      67      60      61      51      60      53      61      66      58      42      68      58      78      56      62      96      91      87      93      90    2818    5824 
 22640      252      50      52      52      47      52      51      45      55      58      51      49      60      56      50      56      54      67      61      70      51    2969    5944 
 24026      252      47      58      65      48      60      56      46      47      53      66      67      66      50      62      65      69      67      76      74      83    2828    5947 
  6965      253      52      50      59      61      58      69      65      61      75      57      66      67      69      60      77      63      82      96      75      79    2946    5713 
 11478      253      44      53      52      54      59      56      58      51      72      46      56      65      70      67      50      60      69      78      78      95    3015    5752 
 25114      257      57      45      48      54      42      65      53      61      52      68      50      65      61      50      55      65      72      79      65      69    2876    5948 
 66555      260      74      64      55      60      70      58      42      68      78      69      67      59      73      62      70      80      83      85      74      85    2918    5706 
 29470      260      47      56      51      58      53      57      74      59      51      63      55      74      71      64      66      71      73      66      74      73    2894    5850 
 16816      261      64      62      58      54      49      60      72      65      61      79      79      59      68      52      60      93      89      76      79      75    2791    5855 
  8961      262      59      54      58      66      53      60      75      65      72      65      73      68      69      86      76      74      64      90      79      67    2868    5759 
  1198      263      56      59      46      58      61      62      60      41      59      79      65      62      56      64      78      77      79      62      78      73    2845    5880 
  8003      264      41      55      55      63      52      73      44      63      65      65      80      59      67      67      81      75      76      83      74      66    2796    5900 
 11056      264      65      64      61      83      77      88      78     102      61      74      64      67      75      82      91      79      80      92      94      75    2861    5587 
 52894      265      71      72      66      55      60      65      72      66      50      60      65      83      82      77      77      81      68      70      67      67    2979    5647 
 11288      265      70      65      53      61      67      89      67      73      65      71      74      79      59      92      76     101      78     104      87      71    3369    5129 
  7823      266      68      64      60      62      63      65      75      72      83      76      61      84      63      78      66      76      67      94      91      86    2990    5556 
 13433      267      64      47      64      78      56      56      59      70      70      66      75      79      75      83      68      91      54      75     102      74    2823    5771 
 61317      267      55      68      58      59      57      53      61      41      66      60      52      66      66      76      68      62      82      62      83      59    2989    5757 
  7104      269      67      64      69      62      56      53      70      69      65      50      63      65      72      72      79      63      79      63      78      85    2884    5772 
 29280      269      76      82      82      74      75      73      69      94      73      80      79      80      95      89      77      91      92      90      90     104    3187    5148 
 42341      269      64      61      70      71      81      65      60      68      62      84      80      92      69      69      85      79     102      87      72      81    2929    5569 
 22863      270      65      55      69      66      70      66      61      62      63      67      57      60      71      75      77      77      73      63      70      74    3003    5656 
 12591      271      85      77      89      56      60      77      61      79      67      80      87      91      88      85      86      82      89      91     100      83    3335    5052 
  7021      274      47      57      57      58      63      55      75      57      72      67      58      59      69      68      69      75      71      70      61      68    3123    5601 
 25023      274      56      75      70      64      50      67      78      68      57      68      65      67      75      86      63      66      74      84      84      63    2821    5799 
 27722      274      64      61      66      67      65      64      66      80      66      66      73      68      75      85      77      68      89      75      77      70    2962    5616 
  9134      276      74      66      71      66      77      78      77      74      77      87      76      80      84      84      75      85      92      79      83      75    2957    5483 
 12849      280      84      78      58      78      65      92      84      88      65      98      86      86      65      94      91      89      70      86      90      71    3170    5212 
 42564      282      64      74      80      81      87      70      81      66      76      72      89      80      84      79      85     103      83      61      69      62    2830    5624 
 25783      282      63      69      66      63      71      62      70      79      77      88      73      77      62      72      87      79      84      75      75      68    2854    5686 
 33944      285      60      70      74      66      80      83      82      63      78      78      91      67      68      85      68      74      80      82      73      74    2873    5631 
 35659      285      78      58      76      94      74      76      78      70      95      84      91      64      90      90      89      89      92      77      89      63    2967    5416 
 13326      286      85      70      88      93      72      85      87     104      69      93      75     103      92      79      96      90      83      79      91      80    2965    5321 
 17160      286      87      69      77      83      63      75      71      73      68      91      81      76      66      95      75      74      96      74      69      78    3050    5409 
 22764      289      70      62      67      51      61      63      58      62      72      62      63      71      55      60      74      68      67      64      65      51    2791    5943 
 52845      290      78      71      77      72      81      77      76      71      84     104      84      96      91      88      87      84      90      96      84      67    3095    5247 
   919      291      80      82      50      70      68      58      67      72      79      73      75      67      91      72      68      64      77      79      69      53    3122    5464 
  7674      296      80      78      81      93      86      71      67      74      57      79      80      75      78      96      78      84      90      75      75      59    3335    5109 
 12674      299      85      66      67      87      82      79      73      79     101      73     102      75      90      89      67      86      85      68      79      56    2973    5438 
 42366      300      66      66      74      74      71      70      71      52      65      70      82      78      67      76      73      59      69      72      68      70    2853    5754 
  4861      301      91      68     109      76      91      85      60      77      87      80      90      80      66      74      83      89      79      69      82      71    3151    5242 
  5298      303     106      91      98      92      85      98     100     101     105      91      88      92      90      80      99     103      84     116      91      61    3205    4924 
  4887      306      79      86      86      96     108      83      94      85      78      83      90      99      96      93      90      90     103      89      96      70    3017    5189 
 37275      309      88     114     105     106     100     116     100      83     124     100      90      92     112     107     114      88     112     112      82      67    3370    4618 
   752      311      76      83     101     108      87     100     108      84      90      87     100      79      90      77      99      94      97      99      74      71    3183    5013 
 30932      311     101      85      75     105      93      81      93      87      98      92      88      95      91      93      96      72      70      69      70      62    3024    5260 
 20297      312      83      63      56      77      75      69      73      82      91      61      77      78      79      75      68      86      76      78      64      45    2957    5587 
 38893      312      76     110      71      96      85      87      99      94      80      97     104      78     101     101      78      90      82      89      88      48    2967    5279 
 32607      314      96     110      87      92     120     114     107     102      79      98     114     115      87     111      96      85      76      97      90      59    3232    4833 
 40071      317     118      91     100     119      93     103     104     120      93     112     128     110     104     117     113     111      98     107      90      73    3442    4454 
 27771      318      93      85      71      98      91      90     104      90      83      87      86      91      95      88      73      85      92      82      68      55    2992    5301 
  8532      319      74     104      91     101      98      90     103      90      69      83     117      81      99     106      81      72     102      71      75      51    2967    5275 
 10439      323      99     112      94      93     118      82     102     116      98      92      99      84      87      99      79      93      83      79      70      64    3059    5098 
 17285      328     107     110     138     107      97     111     100     106     112     108      91     104     107      92      82     102      99      91      69      58    3231    4778 
 10926      333      79      93      88      90      87      95     116      83      93      68      97      96      99      84      80      78      69      66      57      56    2932    5394 
  3038      334      88     108      95     113     101      94     124     104      94     105      98      84     100      95      91      95      84      93      60      67    3088    5019 
 14100      335     109     121     108      76     101      95     100      94      91      98      92      93     101      80     100      76      93      88      77      49    3248    4910 
 37911      337     105     127     119     119     103     123     121     118     125     101     109     116     109     110      99     108     106      82      93      55    3248    4604 
 34793      340     107     102     111     118     108     103      97      96      98     114     101     105     104      94     107      75      93      94      87      64    3496    4526 
 71001      341     107     135     121      88     108     104     104      99     114     115     111     104     101     101     109      82     100      96      64      46    3423    4568 
 10884      347     132     132     106     112     122     110     118     106     110     124     110      91     111      76     107      97     100      82      77      39    3225    4713 
 38232      349     122     128     105     113     129     138     119     114     122     115      99     120     117     102      99     104      75     106      63      56    3028    4826 
 13243      352     118     134     128     126     132     124     135     109     141      99     119     134     123     113     117     109     120      83      88      60    3335    4353 
 27854      352     112     118     123     126     139     111     114     121     116     127     111     115     100      84     102      94      78      75      81      60    3051    4842 
 28894      353     123      94      98     104      97     103     102     105     113      90      95      83     106      82      94     102      80      74      65      48    2974    5168 
 26229      354     114     128     126     129     125     118     131     139     136     120     115     110     108     122     108      92      86      89      61      55    3051    4737 
   935      357     140     127     132     131     105     137     127     112     117     136     109     100     128     104     109     104      96      65      83      50    3204    4584 
  6312      359     129     130     154     140     135     139     117     141     136     103     113     119      89     104     115      92      99     100      71      65    3125    4584 
 38760      361     111     101      97     135     101     107      97     119     113     101     107      79      95     105     104      76      76      53      68      39    2978    5138 
 28779      366     125     129     117     111     107      96     100      97      96      90     121      98     113     103      93      86      74      91      58      40    3319    4736 
 20420      372     141     130     129     137     131     121     129     126     124     124     132     148     118     119      92     115      92      85      62      38    3461    4246 
 53900      373     137     127     133     117     125     120     128     127     133     125     110     127     126     104      98      89      84      68      71      54    3143    4654 
  1602      383     150     149     159     141     158     143     126     122     137     127     145     122     119     111     132     112      80      91      71      54    3251    4300 
 52902      385     137     158     141     133     113     135     124     124     129     112     123     130      89      97     116      95     111      69      64      46    3065    4689 
 38414      390     152     171     136     144     129     146     154     174     134     143     134     130     126     126     119     117      98      90      63      45    3052    4417 
 24372      394     143     126     153     161     160     132     141     145     140     120     109     112     120     126     109      98      98      79      53      43    3580    4052 
 19216      395     143     123     132     136     158     156     134     144     135     112     132     145      99     112     113     105      82     100      67      35    3152    4485 
 42572      410     209     182     180     175     180     169     160     184     144     160     144     126     144     146     116      99     100      93      62      45    3355    3827 
 23036      414     190     170     152     134     154     167     135     147     151     131     113     139     105     108     113     115      94      78      55      33    3354    4162 
  6858      415     161     190     169     174     164     157     138     157     137     151     131     128     144     123     117     101      70      93      55      33    3233    4174 
 21956      415     201     164     166     169     171     191     172     170     150     131     138     146     122     126     134      96      95      74      71      36    3207    4070 
 52704      421     156     148     154     135     131     149     145     146     134     129     122     121     108      99     105     113      79      48      55      24    3099    4600 
 41202      423     179     162     200     165     163     161     143     170     145     136     128     161     125     118     101      99      87      53      65      25    3228    4186 
 40683      443     199     208     224     205     202     184     205     177     167     166     148     141     116     131     106     109      92      74      52      27    3122    3945 
 52969      458     211     216     204     221     213     203     180     171     184     197     180     155     142     145     125     108      96      72      62      36    3224    3655 
 53934      464     198     188     192     172     177     166     156     143     154     144     125     136     128      98     105     107      80      52      42      33    3195    4209 
 52993      497     250     237     238     227     211     214     174     184     153     152     164     121     129      96      99      95      85      55      55      25    3064    3972 
