126144       86       5       5       3       2       5       5       4       2       5       4       4       2       9       4       8       8       7      18      20      69    1378    8433 
 52860       95       4       4       2       3       4       7       8       6       4       7       5      12       7       9      11      13      16      16      31      75    1526    8230 
134619      104       2       3       9       7       5       1       3       7       7       9       5       5       5      13      10      13      12      18      31      76    1539    8220 
 13870      109       1       3       0       6       4       8      13       4      12       9       6       9       8      19      15      14      17      27      25      78    1609    8113 
 15172      112       6       1       3       4       4       5       3       7      10      11       9       7      11      14      11      23      20      23      37      67    1463    8261 
 53785      115       8       7       6       8       2       6      11       8      13      11       9       7      12      13      14      21      19      31      40      85    1771    7898 
 33050      117       6       4       6      12       5      10      10      11      10      10      16      13      13      23      15      30      17      32      31      91    1835    7800 
 40097      126      11      13       8      11      14      10      12       7      15      13       8      15      12      22      18      23      26      32      42      94    1835    7759 
 16568      128      10       6       8       9       5      15       9      12      14      21      16      14      13      10      22      17      25      26      52      98    1749    7849 
 53751      132       4      11       6      11       9       4      13      11      12       8       5      13      14       9      26      32      21      38      43      76    1642    7992 
 21477      134       1      14       8      11       8      10      12      10      10      11      10      21      16      16      25      24      22      33      39      90    1748    7861 
 39081      138       9       6       9       7      13      17      15       7      12      13      15      22      21      20      24      27      40      19      56      78    1868    7702 
 52670      138       8       6      10      11       5       7       5      10       6      11       8      15       9      16      15      15      30      26      36      57    1655    8039 
 26955      139      11      15      16      16      15      11      13      12      12      13      16      17      16      21      22      26      33      40      62      71    2157    7385 
 14373      140       7       8      10      12      14      12      18      11      15      13      18      17      19      21      25      26      32      39      59      90    2116    7418 
 29793      141      12      12      15      12       9      16      24      17      22      14      15      27      21      20      35      31      21      32      59      75    2150    7361 
 36244      148      15      10      15      12      14      19      21      12      23      16      17      24      18      29      24      21      29      25      46      70    1895    7645 
 12377      153      16       8      17      12      14      23      19      17      14      21      19      24      26      21      26      33      33      47      44      87    2237    7242 
134510      157      17      16      16      18      15      14      11      13      22      22      24      30      33      21      26      45      36      52      64      74    2198    7233 
 25361      162      15      19      15      21      24      24      18      23      27      25      23      30      28      29      21      44      42      44      68      92    2363    7005 
  5173      165      15      17      19      18      21      18      21      29      21      15      35      25      31      33      34      36      48      45      75      83    2351    7010 
 53827      168      13       8      18      12      20      22      20      13      25      21      27      24      25      21      30      21      39      37      52      67    1961    7524 
 41004      169      18      18      22      17      19      25      19      21      25      19      27      30      33      43      35      37      54      48      63      90    2131    7206 
   844      174      27      20      22      20      23      11      15      27      26      28      23      35      33      35      33      26      48      45      58     100    2305    7040 
  4085      174      22      18      16      18      24      16      17      15      19      17      24      20      27      24      31      39      34      43      64      76    2064    7372 
 53645      174      17      14      24      23      12      18      17      27      28      28      24      31      22      25      33      23      36      38      38      76    2009    7437 
  9894      179      32      18      25      26      24      22      25      30      28      24      41      22      43      35      48      46      50      61      68     101    2383    6848 
 31856      179      15      15      13      14      21      21      19      23      25      25      20      26      48      30      38      32      35      51      52      84    1976    7417 
  3228      183      25      27      26      30      23      18      25      25      24      32      19      29      48      32      34      36      38      46      64      91    2142    7166 
 64915      183      22      20      25      26      31      34      31      25      27      22      36      27      30      45      42      45      43      69      62      91    2550    6697 
 22368      183      14      30      21      22      24      28      25      24      26      29      39      44      29      49      38      42      45      60      68      74    2122    7147 
 36749      189      19      29      29      17      20      23      32      25      42      31      29      27      26      38      45      51      45      59      56      94    2173    7090 
 15156      192      24      23      27      27      27      28      27      23      29      31      31      37      35      38      46      42      53      51      76      86    2410    6829 
   778      195      22      30      16      26      26      27      35      35      34      30      36      35      35      38      37      55      51      60      61      81    2293    6937 
 12641      197      30      23      25      27      33      26      36      33      41      23      35      40      38      50      44      44      50      59      57      88    2571    6627 
 22681      197      33      18      24      29      29      33      31      36      34      39      52      43      28      45      47      55      47      64      78      84    2557    6594 
  7534      199      23      28      17      23      24      30      33      28      24      30      40      34      37      46      48      32      45      46      55      87    2193    7077 
  1420      204      20      19      28      25      35      31      31      39      23      45      43      38      50      39      40      54      68      56      64      87    2294    6871 
  9571      207      30      32      27      29      31      40      30      29      33      23      36      34      46      36      44      65      51      62      62      72    2340    6848 
 53769      207      28      26      32      37      33      36      36      41      36      45      35      41      47      47      52      45      63      59      71      97    2605    6488 
  4556      208      30      25      27      26      32      24      25      43      36      41      36      36      52      42      41      46      52      50      78      73    2490    6695 
 53355      209      34      35      31      26      27      31      34      32      50      37      42      46      36      38      41      44      47      67      80      83    2391    6748 
  2873      209      40      32      37      38      36      30      46      42      47      42      38      32      39      47      62      45      58      76      79      75    2388    6671 
125310      209      33      16      28      23      39      26      36      25      25      32      32      39      32      36      39      50      52      59      57      70    2251    7000 
 25148      212      31      31      27      27      34      31      33      38      41      36      43      51      52      46      56      64      51      62      70      69    2825    6282 
 35584      212      27      35      26      33      28      28      27      28      27      49      35      41      45      40      35      55      61      43      74      87    2225    6951 
 25437      213      41      32      39      31      30      32      42      35      48      46      34      58      42      51      59      52      65      62      86      76    2701    6338 
 26823      217      24      36      46      40      49      42      44      38      35      46      46      35      49      55      47      70      60      57      71      77    2708    6325 
 29025      219      24      37      33      28      29      35      39      50      28      25      40      36      29      37      33      57      48      64      60      68    2401    6799 
 28506      222      39      23      37      43      33      32      29      47      32      39      36      49      34      48      52      58      57      65      70      78    2422    6677 
 23515      224      42      37      41      38      41      35      36      42      48      47      40      54      43      62      53      42      64      47      64      70    2382    6672 
  7666      226      32      41      26      55      34      33      26      37      40      41      44      53      44      40      54      59      48      58      59      56    2408    6712 
 20149      227      38      35      36      44      29      58      48      60      38      50      45      56      52      61      51      54      58      79      68      73    2783    6184 
 31815      228      38      30      27      45      41      42      40      27      33      53      47      51      43      44      48      56      44      66      79      67    2301    6778 
 29538      229      39      38      47      49      38      41      39      48      50      44      58      51      54      60      62      59      74      64      75      79    2389    6542 
 21519      238      40      37      42      40      37      44      34      40      54      44      40      46      54      52      69      55      49      64      71      70    2526    6492 
 25155      243      46      58      53      49      51      43      63      67      40      59      49      54      47      76      63      77      78      72      90      82    2880    5903 
 26641      244      38      37      44      41      46      47      33      45      34      34      40      46      59      61      46      61      50      55      76      90    2369    6648 
 20990      245      36      30      48      34      58      54      45      43      44      55      43      45      52      42      63      52      52      65      62      54    2329    6694 
  2337      247      52      68      58      58      50      52      56      58      52      57      53      62      71      75      68      82      89      89      81      77    2778    5914 
 10173      250      50      39      37      42      39      51      30      51      44      45      47      62      50      46      47      66      45      41      77      71    2360    6660 
 42044      251      54      54      54      64      56      42      52      49      60      45      55      56      53      58      59      81      77      82      65      79    2540    6265 
 22640      252      57      61      48      47      49      47      52      51      60      74      67      56      61      47      61      65      68      78      80      73    2579    6219 
 24026      252      49      68      57      39      42      57      52      65      67      66      65      66      60      76      75      82      80      73      74      82    2917    5788 
  6965      253      35      48      51      43      41      54      46      45      66      48      58      53      49      59      59      52      64      62      52      60    2582    6373 
 11478      253      44      44      46      54      41      41      47      39      49      40      47      44      52      59      57      52      45      55      74      67    2342    6661 
 25114      257      56      56      50      43      56      55      46      65      62      61      65      62      58      73      64      85      86      85      86      71    2569    6146 
 66555      260      43      44      44      50      52      43      47      51      57      69      57      45      53      47      63      62      58      50      70      55    2377    6563 
 29470      260      54      65      73      62      59      58      78      64      69      68      83      82      76      78      87      78      75      72      75      80    2831    5733 
 16816      261      47      56      45      49      61      55      57      44      57      53      70      75      61      46      75      74      55      67      72      59    2621    6201 
 35204      261      56      36      61      60      57      58      60      60      66      63      68      61      58      66      70      71      55      52      65      52    2718    6087 
  8961      262      54      67      72      61      59      71      70      65      62      76      47      63      75      61      96      82      91      83      75      97    3029    5544 
  1198      263      54      65      56      57      78      57      65      62      59      62      69      48      59      54      70      73      83      81      76      80    3070    5622 
  8003      264      56      54      63      60      64      63      56      70      57      82      73      65      60      60      82      69      84      76      80      67    3033    5626 
 11056      264      52      59      57      55      59      60      70      63      72      52      80      63      67      76      67      62      77      82      75      95    2629    6028 
 52894      265      50      59      58      47      50      48      65      50      71      45      54      70      63      70      67      70      78      67      64      68    2675    6111 
 11288      265      51      59      59      54      41      50      57      47      49      66      57      69      51      60      71      70      66      76      71      55    2608    6213 
  7823      266      46      52      56      63      60      59      43      59      67      54      65      65      61      69      62      68      70      73      72      58    2515    6263 
 13433      267      46      44      51      57      52      48      54      51      56      49      52      56      53      77      59      48      44      63      67      57    2432    6484 
  7104      269      57      47      65      58      48      62      61      48      53      53      67      66      63      46      75      72      61      87      71      71    2625    6144 
 29280      269      48      62      63      51      57      74      82      55      64      60      75      67      76      74      58      61      76      79      58      64    2592    6104 
 42341      269      71      52      70      59      73      73      65      58      74      80      64      72      77      88      74      62      98      86      73      78    3053    5500 
 22863      270      52      50      59      74      56      61      56      71      69      62      70      61      82      83      82      64      71      66      69      75    2713    5954 
 35345      271      50      60      56      51      56      47      49      72      48      52      56      66      56      60      63      63      70      56      82      56    2483    6348 
 26468      273      63      55      51      59      55      68      50      53      63      52      58      52      62      60      53      75      63      73      55      60    2558    6262 
  7021      274      76      67      62      65      75      72      61      80      69      64      68      61      76      64      80      72      87      61      77      54    2903    5706 
 25023      274      61      61      67      59      79      52      60      66      55      53      56      76      61      76      61      68      82      84      77      65    2828    5853 
 27722      274      58      60      60      49      60      48      63      71      52      65      61      65      65      66      71      64      63      66      64      71    2611    6147 
  9134      276      54      72      59      52      56      58      50      60      65      53      61      64      73      47      66      70      68      68      69      61    2742    6032 
 19745      277      54      63      59      53      56      60      74      55      59      64      70      63      72      68      64      87      76      77      77      64    2635    6050 
 12849      280      72      72      63      64      60      79      71      75      81      87      74      73      70      58      79      79      67      77      78      76    2669    5876 
 42564      282      51      74      71      70      75      78      79      81      94      87      94      84      73      83     105      80      76      82      84      69    3005    5405 
 25783      282      66      72      74      53      75      75      78      87      86      84      82      61      97      76      75      72      78      90      88      73    2928    5530 
 33944      285      61      59      63      64      70      69      62      55      58      67      68      57      62      62      86      64      65      87      86      69    2740    5926 
 35659      285      55      68      62      59      60      61      63      58      66      67      50      69      78      63      65      73      65      72      73      60    2703    6010 
 13326      286      57      63      55      73      49      71      46      58      68      72      73      79      64      64      65      50      72      65      59      61    2699    6037 
 17160      286      59      77      69      78      77      70      65      66      68      97      72      81      74      99      72      72      87      67      65      64    2737    5784 
 22764      289      81      89      75      86      79      73      98      71      82      89      76      64      71      90      85      79      79      84      81      60    3119    5289 
 52845      290      67      71      58      54      61      69      71      72      70      54      75      77      76      71      76      80      65      64      70      66    2846    5787 
   919      291      61      75      43      69      66      68      87      70      74      72      77      82      74      57      66      71      59      84      84      50    2742    5869 
 29991      292      69      82      76      53      72      60      62      59      58      66      73      71      75      97      76      70      62      72      64      62    2589    6032 
  7674      296      67      79      64      74      92      74      84      72      75      74      84      90      72      75      79      84      87      81      71      57    3175    5290 
 12674      299      64      66      84      77      93      74      62      92      93      90      94      92      87      84      78      87      85      77      70      52    3057    5342 
 42366      300      69      65      74      79      79      88      64      81      68      75      75      70      61      76      55      70      86      78      70      62    2638    5917 
  4861      301      74      79      73      79      76      76      79      75      84      71      67      70      79      73      77      61      60      60      56      42    2821    5768 
  5298      303      80      74      74      94      78      79      86      96      86      80      96      98      83      97     102      89      85      76      77      67    3066    5237 
  4887      306      87      90      72      75      65      87      90      99      83      91      89      82      87      89      69      78      94      78      74      67    2737    5617 
 37275      309      78      85      91      68      81      69      90      67      62      72      72      96      86      90      82      89      91      84      70      67    2906    5504 
   752      311      87      87      61      75      81      74      89      69      80      71      85      82      58      94      79      61      67      72      63      52    2828    5685 
  7955      311      91      71      83      78      85      84      76      71      74      85      81      71      90      78      79      80      63      73      67      49    2858    5613 
 20297      312      80      81      83     108      89      98      96      83     106      88      96      80      77     107      97      85      89      95      79      59    3019    5205 
 38893      312      77      73      80      76      76      79      85      92      84      66      90      96      74      75      75      70      75      71      59      49    2788    5690 
 21816      313      80      77      79      77      99      98      79      86      77      93      84      73      89      88      69      82      69      72      81      63    2834    5551 
 32607      314      97      84      95      84      77      80      71      83      85      81      87      96      90      88      97      92      84      97      85      65    2842    5440 
 27656      317      59      79      68      80     101      73      96      81      92      80      70      61      83      72      82      81      70      70      58      49    2638    5857 
 40071      317     100      85      79      77      79      89      94      95     106     101      95      84      86      98      98     110      97      89      69      69    2853    5347 
 27771      318      89      70      75      76      77      77      85      70      77      87      85      86      80      88      88      92      77      92      74      57    3003    5395 
  8532      319      94      80      87     102     109      99      85      83      84      95     107      95     102      82     102      87      88      79      71      54    2895    5320 
 10439      323      87      89      74      80      80      78      93      87      92      82      81      63      77      90      80     103      81      80      66      41    2795    5601 
 17285      328      97      72      82      94      95      90     111      92      93      91      91      84      95      65      91      94      89      80      61      55    2970    5308 
 10926      333     103     113      96      91      94      90      95     108      95     109      81     105      92      93      92      84      84      85      82      49    2984    5175 
 22160      333     104     110     120     106     112      97     101      95      86      96     124     107     111     102      78      89      93      83      76      51    2860    5199 
 14100      335      91      80      86      73      88      73      74      75      71      90      63      69      85      73      89      72      74      64      49      37    2706    5818 
 34793      340     129     132     115     126     102     114     122      90     111      98     103     108     111      96      94     116      92      98      66      74    3063    4840 
 10884      347      95      92      98     113      78      96      89     100     113     105      99     105      98      85      93      80      82      62      65      47    2829    5376 
 13243      352     122     126     126     131     115     120     127     130     118     117     114     110     121     121     115      91      82     105      69      68    3121    4651 
 27854      352     109     104     104     111     118     106     102      98      95     100      95      93      78      99      76      61      85      64      64      42    2823    5373 
 28894      353     128     127     105     123     110     125     142     120     112     105      91     103     109     108     104      83     104      85      85      59    3293    4579 
 26229      354      86     110     100      91     114      90     103      93      92      87      88     100      92      96      89      77      99      63      68      31    2757    5474 
   935      357     121     109     132     108     122     106     118     136     126     102     112     111      98     102      97     104      93      82      75      51    2945    4950 
  6312      359     118     137     138     128     127     122     127     130     108     104     124      98     137     116     103     116      86      71      85      56    3348    4421 
 31732      360     123     109     109     117     109      95      99     100      84     108     111      89      96      78     101      78      93      64      71      37    2810    5319 
 38760      361     124     130     129     121     138     130     134     132     127     132     113     109     117      99      99     114      97      91      85      45    3340    4394 
  8995      362     105     113     103     123     116     116      89      95     112     131      87     101      85      70      94      68      83      74      62      40    2940    5193 
 28779      366     117     115     110     119     114     116     111     128     111     113     101      92     100     112      83     105      66      81      66      45    3123    4872 
 20420      372     117     109     115     142     101     121      96     104     105      98      88      80     107      80      96      85      68      62      48      34    2741    5403 
 53900      373     128     138     124     139     145     123     115     117     113     142     115     116     113      96      93      90     103      77      76      45    2811    4981 
  1602      383     144     144     124     151     131     151     134     122     120     114     132     114     119     124     103      92      99      76      56      44    3167    4539 
 52902      385     132     124     131     124     116     130     124     117     110      96     102      94     124     100      98      85      93      74      55      38    2819    5114 
 38414      390     133     118     140     124     139     145     126     120     148     104     127     132     125     109     101     107     110      71      63      44    3247    4467 
 24372      394     136     139     137     130     125     129     135     110     134     154     108      96     102     108     103      94      87      91      52      32    2779    5019 
 19216      395     148     155     148     145     128     152     143     105     136     141     126     121     114     125     110     101      79      81      67      41    3264    4370 
 17491      399     144     130     162     152     151     138     110     129     120     124     133     122      95      95      92      86      93      77      47      36    3159    4605 
 42572      410     172     151     151     152     145     149     140     161     149     141     107     144     126     116      88     100      97      76      71      30    3300    4234 
  2436      414     142     141     139     146     133     127     139     122     135     123     101     111      79     120      84      84      66      73      42      35    2806    5052 
 23036      414     178     150     175     173     151     145     156     159     128     127     126     130     127     127     107      94      89      99      65      29    2940    4525 
  6858      415     186     172     181     158     156     163     142     161     144     124     134     143     125     116      99      90      96      88      70      28    3241    4183 
 21956      415     147     154     141     158     120     166     105     133     101     110     119     130     106     104      84      87      76      63      47      31    2871    4947 
 52704      421     173     178     151     135     161     132     144     153     139     140     129     119     142      84     115     117      73      88      56      42    2971    4558 
 40683      443     185     171     178     186     167     196     165     168     164     167     168     131     136     116     111      86      99      74      54      28    2959    4291 
 52969      458     199     180     190     190     168     170     199     158     151     132     162     144     115     105      93      95      80      68      36      34    3020    4311 
122697      459     250     215     212     193     194     202     197     197     152     165     146     142     140     139     110     105      98      60      50      32    3339    3662 
 53934      464     213     198     204     157     178     151     160     178     143     168     136     145     133     107      96      81      83      70      56      34    2990    4319 
 52993      497     203     242     239     212     241     192     180     190     183     146     166     138     138     124     109      80      72      50      47      24    2853    4171 
