 52860       95       4       2       4       2       4       4       7       5       6       8       2       4       7      10      10      18      12      10      25      60    1348    8448 
134619      104       2       4       8       1       8       6       4       3       4       6       4      11       6       9      11       9      16      25      26      63    1497    8277 
 13870      109       2       5       5       6       3      11       6       9       7       4       5       6       6       7      14      14      18      18      36      73    1393    8352 
 15172      112       4       6       5       3      10      11       9       3       8      14       5      12      18       9      14      11      26      28      34      80    1748    7942 
 53785      115       5       2       4       3      12      10       8      12       6       8       7      10      11       7      14      21      16      24      24      71    1552    8173 
  3376      116       8      10       6       6       9      10      12      12       7       8      11      13       9      20      17      22      20      36      47      71    1835    7811 
 33050      117       4       7       6       4       8       6       4       6      13       7      11      12       9      10       5      12      18      23      37      64    1487    8247 
 89722      123       7      10       6       7       7       9       7       8       6       6      11       9      13      15      15      21      25      32      45      58    1566    8117 
 52779      125      12       5       7       9       4       5       6      12      11       6       7      10      13      18      20      12      20      33      29      74    1572    8115 
 40097      126       7      12      12       8      15      16      10      17      12      18      15      11      22      25      17      13      23      31      43      89    1954    7630 
 16568      128       6       5       7      10       7       8      14      16       8      12      11      10      11      13      16      25      24      29      38      73    1607    8050 
 16436      131       0       9       7      12      11       7      10      16      14      14      13      11      10      11      22      23      22      21      33      76    1524    8134 
 53751      132      13      10      16       9       8       9       8      19      18      20      19      15      15      26      27      27      20      43      58      98    2009    7513 
 31666      136      11       8       9      10      11      14      10      17      14      19       8      14      14      14      24      24      42      32      39     101    1984    7581 
 52670      138      13      14      11      13      11      15       8      16      12      13      23      12      31      18      29      19      22      51      43      86    2077    7463 
 26955      139      12       9      12      11      15      18       8       7      25      11      11      23      17      20      25      22      33      39      45      67    1753    7817 
 14373      140      12       9       8       8       9       9       9      11      13      15      11      21      18      18      22      26      27      36      38      62    1786    7832 
 29793      141       9      14       7      15       7      17      16      18      14      14      20      16      19      19      20      26      33      43      39      77    1788    7769 
 26070      147      19      12      17       7      11      14      13      15      16      17      25      22      17      16      20      30      51      48      52     103    2146    7329 
 36244      148      16      15      13      10      21      10      16      19      14      17      23      15      32      20      29      32      38      43      58      99    2141    7319 
 12377      153      10      10       9      14      14      15       9      16      10      19      14      18      13      22      30      32      24      36      35      65    1671    7914 
134510      157      18      15      14      14      12      22      20      20      15      15      18      30      14      18      28      19      23      35      54      72    1936    7588 
 27169      158      16      11      18       8      22      16      22      21      28      27      34      19      39      25      35      43      45      35      67      92    2347    7030 
 25361      162      14      15      19      20      16      16      20      13      15      21      31      18      40      22      24      34      34      40      48      50    1853    7637 
  5173      165      15      13      10      10      12      19      23      19      18      20      16      22      22      31      32      42      28      25      61      75    1876    7611 
 53827      168      21      21      18      14      23      24      18      13      19      27      29      18      25      31      30      40      39      47      51      78    1999    7415 
 30429      171      12      18      12      12      13      20      28      16      21      17      21      28      25      26      31      48      36      35      62      81    2046    7392 
   844      174      14      21      20      22      18      20      26      22      24      20      30      23      18      32      35      38      55      60      57      69    1961    7415 
  4085      174      13      11      29      25      15      25      22      29      18      21      26      33      25      19      27      33      26      42      50      82    1919    7510 
 53645      174      17      17      23      26      18      22      14      29      20      26      29      39      18      36      33      32      32      41      57      88    2089    7294 
 81851      175      17      15      28      16      22      21      14      22      22      29      25      28      30      39      37      48      51      65      68      79    2358    6966 
  9589      176      14      15      24      17      20      23      30      19      28      27      25      24      23      40      35      31      29      47      58      72    1980    7419 
  9894      179      12      23      18      25      17      16      16      20      24      34      21      27      29      50      43      36      55      58      50      84    2006    7336 
 31856      179      18      17      17      23      23      18      20      32      26      26      25      38      30      33      37      39      39      56      74      67    2088    7254 
 52613      181      21      19      19      21      24      18      22      36      21      31      31      28      35      31      33      43      51      62      63      84    2108    7199 
  3228      183      19      14      21      26      18      21      20      30      32      36      26      28      34      29      28      36      47      57      49      88    2209    7132 
 22368      183      19      29      25      20      32      22      38      26      26      25      24      34      36      33      52      35      37      57      67      88    2446    6829 
 15156      192      21      26      27      22      20      21      24      31      26      23      31      25      41      32      33      30      58      48      56      62    2021    7322 
 34090      194      32      35      24      28      32      39      41      33      41      37      43      57      41      53      41      56      60      64      79     101    2587    6476 
   778      195      34      26      23      26      24      22      19      32      25      30      37      28      32      45      37      27      46      49      68      72    2109    7189 
  1446      195      32      32      25      33      23      20      30      25      32      36      44      26      39      38      42      46      44      76      60      70    2209    7018 
 12641      197      20      25      23      27      30      20      26      26      31      19      26      33      38      36      40      43      46      54      49      65    2111    7212 
 22681      197      32      40      35      44      32      38      34      34      31      47      36      35      51      55      57      57      66      66      79      89    2564    6478 
  7534      199      31      31      26      23      30      40      40      34      42      32      33      47      40      37      48      44      58      53      75      77    2618    6541 
  1420      204      20      29      26      27      27      38      27      31      31      35      40      37      42      42      32      44      60      73      57      85    2234    6963 
  9571      207      18      23      28      30      24      31      36      29      28      47      43      47      49      42      50      45      55      62      63      70    2292    6888 
 53769      207      29      33      44      42      39      41      31      35      46      43      40      46      45      50      68      59      70      65      85      92    2676    6321 
  4556      208      27      19      26      37      31      32      35      32      37      32      30      22      41      40      50      52      50      51      49      92    2170    7045 
 11502      209      32      36      23      25      40      30      45      42      41      43      44      54      52      49      51      57      59      61      76      91    2594    6455 
 53355      209      36      37      52      35      44      31      30      45      37      52      41      53      61      61      51      62      62      75      76      84    2677    6298 
  2873      209      27      27      40      29      34      42      43      30      32      38      32      37      49      47      59      57      56      73      78      77    2688    6405 
 25148      212      34      30      42      29      27      39      50      42      33      42      35      39      56      39      48      52      64      49      53      65    2340    6792 
 25437      213      36      28      24      29      37      38      43      45      38      36      36      38      40      45      48      49      54      51      56      72    2274    6883 
 26823      217      41      31      33      41      33      42      32      38      48      49      49      43      38      39      55      42      57      59      54      75    2271    6830 
 29025      219      31      30      26      45      32      37      38      42      39      40      38      54      40      52      63      62      45      61      80      60    2321    6764 
 28506      222      44      43      47      47      50      41      46      53      47      54      57      51      43      53      58      72      69      83      76      94    2703    6169 
 23515      224      29      40      32      42      30      34      33      48      53      42      44      43      42      54      49      48      60      58      60      70    2407    6682 
 27060      224      36      44      49      40      44      59      49      52      43      42      58      50      62      62      57      60      70      56      84      89    2764    6130 
  8433      224      50      47      41      37      41      49      53      37      52      61      57      66      63      51      55      79      51      83      79      85    2716    6147 
  7666      226      38      24      40      38      34      41      37      40      36      43      42      44      44      48      58      47      56      60      58      66    2319    6787 
 20149      227      24      26      42      38      51      33      34      43      27      37      32      71      55      44      71      55      57      58      54      73    2335    6740 
 52837      233      34      34      49      43      38      26      38      43      48      42      49      37      53      40      47      70      51      62      70      67    2284    6775 
 37697      233      29      34      42      40      41      46      40      40      41      50      45      52      45      61      57      54      58      58      66      65    2536    6500 
 21519      238      44      43      39      38      34      43      32      35      54      59      52      41      46      51      54      54      69      61      86      71    2377    6617 
112227      240      34      32      44      51      38      56      40      49      40      49      50      57      66      51      53      69      46      57      64      61    2370    6623 
 25155      243      41      36      40      35      41      39      43      49      49      48      40      50      52      63      57      47      60      51      69      71    2257    6762 
 26641      244      45      54      35      54      50      39      54      47      37      44      58      59      51      60      55      77      66      64      74      69    2144    6764 
  2501      245      32      44      30      36      54      45      39      36      59      48      50      54      64      63      59      60      65      70      75      64    2467    6486 
 20990      245      38      48      53      52      47      43      54      53      67      41      60      48      51      56      51      64      57      76      72      62    2561    6346 
  2337      247      53      52      45      46      61      61      50      53      56      53      40      58      54      59      63      62      60      61      70      49    2438    6456 
 34314      251      50      55      55      69      53      63      56      65      69      68      60      70      71      81      74      79      90      75      79      82    2867    5769 
 42044      251      37      50      44      50      43      57      40      49      51      56      47      63      59      59      47      63      54      78      71      54    2264    6664 
 42416      251      49      46      52      37      37      39      51      48      60      43      51      61      49      65      51      55      69      73      73      68    2462    6461 
 22640      252      57      48      40      45      50      53      57      49      61      50      56      65      47      61      66      63      60      66      56      78    2483    6389 
  6965      253      55      59      63      66      52      53      58      59      47      68      69      66      77      58      66      60      62      65      80      78    2952    5787 
 11478      253      49      56      34      57      45      54      49      43      57      53      49      47      63      58      58      50      49      75      78      71    2445    6460 
 25114      257      45      56      65      50      54      50      51      57      55      46      61      60      61      61      64      74      83      65      61      77    2551    6253 
 66555      260      55      49      48      49      57      56      57      62      54      53      54      57      57      51      74      54      60      72      61      66    2554    6300 
 16816      261      50      60      64      53      69      63      63      65      83      71      69      75      63      70      61      69      82      87      96      88    2987    5612 
 35204      261      71      57      53      58      62      67      49      65      64      90      66      81      67      78      87      89      85      71      86      65    2803    5786 
  8961      262      45      49      48      48      47      62      47      59      54      70      58      60      52      49      57      59      63      59      76      58    2492    6388 
  1198      263      61      48      47      51      47      52      59      47      57      54      52      57      61      66      63      66      43      67      62      66    2467    6407 
  8003      264      70      70      76      58      66      74      62      77      57      68      81      80      69      88      88      73      82      80      89      63    2954    5575 
 11056      264      42      45      61      54      54      52      63      56      52      50      57      55      57      61      55      77      64      66      68      73    2527    6311 
 52894      265      38      51      62      56      55      75      50      63      53      53      67      60      51      66      61      65      72      84      76      51    2439    6352 
 11288      265      56      48      55      50      49      46      52      49      65      60      68      61      63      70      64      61      57      68      74      55    2540    6289 
  7823      266      65      53      62      56      70      61      42      53      58      72      72      63      60      63      54      66      79      63      73      78    2587    6150 
 13433      267      52      57      48      59      56      52      62      57      59      50      47      57      66      45      55      54      73      63      57      51    2522    6358 
  7104      269      53      43      45      49      55      57      53      64      64      49      65      65      62      60      89      67      63      67      72      59    2442    6357 
 29280      269      57      54      40      51      51      63      48      51      74      65      67      61      62      60      59      66      68      60      49      49    2564    6281 
 42341      269      68      66      58      60      66      72      71      65      71      68      81      72      60      74      56      72      79      80      76      67    3069    5549 
 22863      270      46      54      51      58      59      56      56      59      62      61      53      55      46      77      73      59      60      85      60      50    2510    6310 
 35345      271      54      52      59      71      51      60      85      64      75      77      61      64      67      75      49      73      46      65      51      61    2367    6373 
 26468      273      56      42      47      49      51      45      60      62      65      59      60      66      65      59      58      47      63      73      77      54    2612    6230 
 25023      274      47      49      57      48      73      68      56      69      55      63      64      74      75      68      55      73      56      66      65      52    2408    6359 
 27722      274      58      50      53      51      48      63      49      60      56      56      59      63      84      70      61      72      58      68      69      56    2653    6143 
  9134      276      59      71      60      72      86      58      75      80      88      81      94      84      68      90      80      79      73      90      74      82    3056    5400 
 19745      277      60      49      61      48      57      59      57      62      73      62      70      74      77      78      67      73      68      74      64      58    2575    6134 
 12849      280      71      73      85      72      91      81      75      73      67      70      89      68      96      95      94      79      84      81      79      66    3027    5384 
 42564      282      72      81      61      71      88      76      70      67      81      71      79      91      83      73     104      72      86      83      86      71    3001    5433 
 25783      282      72      78      78      72      76      96      80      77      68      88      81      81      87      90      74      85      82      90      81      58    3004    5402 
  2782      283      62      79      71      73      67      70      57      62      65      76      70      67      71      79      67      85      76      62      75      71    2677    5918 
  4853      283      66      74      67      76      67      67      69      80      87      77      65      87      91      74      77      92      88      70      71      71    3096    5388 
 35659      285      86      70      78      59      66      79      57      57      61      70      78      58      62      66      81      66      58      73      69      55    2537    6114 
 13326      286      70      50      46      81      72      68      76      55      74      69      82      76      67      61      84      61      63      72      96      59    2612    6006 
 17160      286      83      60      82      71      73      71      86      89      91      91      88      78      82      78      80      84      76      66      89      62    2899    5521 
 22764      289      59      78      61      99      73      72      72      59      69      83      68      81      73      82      86      94      96      78      81      79    3086    5371 
 52845      290      70      83      83      84      80      83      72      63      57      68      78      93      87      75      76      72      81      90      75      62    3098    5370 
   919      291      63      50      73      68      56      62      72      69      65      76      63      64      58      71      62      82      71      64      62      52    2506    6191 
 29991      292      58      65      79      66      50      48      65      73      80      65      57      63      59      77      87      64      65      65      50      44    2507    6213 
  7674      296      75      75      82      87      69      82      64      89      70      88      96      67      69      69      87      68      95      62      63      48    2693    5802 
 12674      299      59      75      66      66      79      69      65      58      65      72      82      98      83      83      68      59      78      68      67      52    2700    5888 
 42366      300      67      67      76      71      65      57      65      87      72      68      63      71      84      61      60      68      60      48      74      47    2489    6180 
  4861      301      61      91      86      86      95      79      94      88      90      90     103      97     101     106      88      79     103      77      87      66    3133    5100 
  5298      303      88      63      67      73      81      80      82      88      72      81      96      73      77      62      71      71      71      86      71      57    2706    5784 
  4887      306      78      71      78      70      76      76      72      72      68      76      65      65      67      69      66      80      73      65      55      46    2591    6021 
  8219      309      82      75      73      79      62      67      70      75      73      72      82      91      84      80      79      77      77      82      54      60    2489    6017 
 37275      309      71      94      84      70      95      66      74      75      74      72      80      72      84      77      73      78      70      68      66      35    2438    6084 
   752      311      91      66      59      73      73      77      74      81      72      74      83      63      69      68      74      75      68      64      55      42    2588    6011 
 20008      311      77      79      81      82      82      78      79      86      72      78      81      63      93      87      73      78      73      60      75      50    2642    5831 
 30932      311      91      92      76      80      82      79      80      83      90      90      88      88      97      75      68      71      69      78      72      60    2554    5837 
 20297      312      78      83      87      72      61      66      99      90      66      67      78      75      88      64      74      91      88      61      73      34    2702    5803 
 38893      312      91      81      71      89      85      95      83      90      88      96      89      99      97      83      64      83      81      71      58      45    2705    5656 
 32607      314      73      76      83      93      77      95      92      83      84      61      73      62      92      81      85      81      77      72      85      48    2705    5722 
 27656      317      84      73      71      65      72      83      63      86      76      89      80      84      78      81      59      73      77      75      59      51    2767    5754 
 40071      317      77      76     100      72      79      99      89      70      71      71      78      78      76      83      70      78      66      75      77      50    2575    5890 
 10439      323      79      82      83      96      85      86      89      88      63      80      70      82      84      86      87      78      70      71      77      40    2651    5773 
  2139      324      83      99     107      89     107      85      80      92      82      95     102      70      86      78      99      82      80      62      55      49    2728    5590 
 17285      328      94      83      76      70     106      87      86      79      90      86      86      83      94      86      91      76      64      64      63      49    2521    5866 
 27888      331      99      73      82     103      87      83      90      86      95      82      89      78      67     102      75      88      82      73      66      45    2700    5655 
 10926      333     106      95     105      88      83      91     101      96     106     106      83     101      96      91      74      71      85      82      57      57    2852    5374 
 14100      335     102     100      96     108     117      99      84     101      84      89      96     109      88      92      84      91      71      67      82      46    2872    5322 
 37911      337     102     119     101     123     121     108     137     117     122      96      99      99     116     109     104     113      97      94      73      59    3180    4711 
 34793      340      95     111     100     120     101      95      96      88     102      94      95      96      87      95      83      67      78      69      69      47    2804    5408 
 71001      341     106     106     103      86      81     110      97      92      73      86     100      97      83      80      86     103      74      61      55      45    2699    5577 
 10884      347      91     100     115      81      87      81     117      79      94      75      82      92      73      86      80      85      76      69      60      32    2762    5583 
 38232      349     116     105     126     124     138     115     143      95     111     131      91     100     109      92     112      93      96      77      61      42    3173    4750 
 13243      352     125     124     104     101     114     116     105     109     132     109     107      98      87      90     102      81      69      60      68      35    2699    5365 
 28894      353      92     110     115     105     104     101     112      97     113     106      95     103      84      74      99      66      91      69      58      44    2552    5610 
 26229      354     112      95     121      89     115      99      91     110      93      95      83     103      88      86      85     112      80      79      62      42    2582    5578 
   935      357     114      94     127      99     104     109      94     100     109     102      92     103      95      83      85      75      79      63      54      27    2819    5373 
 38760      361      98     130     102     111      89      99      95     105     101      84     110      84     109      73      91      77      68      69      44      49    2745    5467 
 28779      366     122     116     107     103     120     106     103      93     104      87     102     106     105      76      82      99      80      68      47      43    2656    5475 
 20420      372     135     122     110     112     108     117     102     110     113      99     117      98      76      91      79      86      82      56      48      34    2695    5410 
 53900      373     141     126     141     116     129     104     106     131     117      99     114     121      91      96      99      95      84      80      55      34    2723    5198 
  1602      383     139     136     123     121     113     125     110     120     110     125      90      96     102      94      84      78      75      88      59      31    2724    5257 
 52902      385     142     131     126     118     126     121     141     111     122     131     103     113     115     111     111     104      81      49      53      39    2821    5031 
 38414      390     131     127     133     130     129     132     114     119     125     112     128     112      97     103      90      89      80      71      60      29    2870    5019 
 24372      394     146     121     121     115     118     134     133     119     109     105     110     103     100      96      86      85      86      81      54      34    2852    5092 
 19216      395     135     159     160     153     128     141     122     130     114     103     111      94     109     108     107      77      82      60      53      36    2937    4881 
 17491      399     142     151     130     155     158     129     120     125     103     119     118     140     116     107     115      86      73      58      50      40    2833    4932 
 42572      410     141     134     128     152     138     150     122     115     147     131     119     113     113      96      79      89      79      61      42      22    2828    5001 
  2436      414     142     155     151     139     157     144     127     161     152     115     120     102     110     108     100      99      74      73      54      26    2985    4706 
 23036      414     175     170     143     179     150     137     144     132     125     149     122     121     125     111     103      97      89      73      53      27    2803    4772 
  6858      415     180     156     158     140     151     126     177     135     134     143     114     129     110     114     125      92      83      72      42      26    2936    4657 
 21956      415     124     154     149     161     151     152     119     139     156     126     110     114     101     114     120      86      99      64      56      37    2794    4874 
 41202      423     178     182     165     161     160     146     187     137     142     122     135     110     114     118      87      90      72      73      53      25    2628    4915 
 40683      443     196     162     176     180     158     160     168     141     143     146     143     112     121     105      94      75      85      73      46      25    2828    4663 
 52969      458     194     215     186     210     185     169     188     148     156     163     156     123     127     111     104      87      93      67      49      23    2938    4308 
122697      459     198     187     191     183     163     185     182     187     135     156     130     114     103     116      86      82      87      61      49      27    2908    4470 
 53934      464     226     221     213     202     181     168     200     169     176     163     154     124     126     122     102     101      93      64      38      41    2900    4216 
 52993      497     279     293     245     258     260     236     231     232     198     173     172     174     139     149     129     103      88      77      47      28    3230    3259 
