  1883       65       0       0       0       0       0       0       2       2       0       0       3       2       0       1       3       4       3       7      10      26     820    9117 
126144       86       3       2       4       1       1       3       3       1       3       1       5       4       7       7       7       6       7      13      23      69    1076    8754 
 26765       93       5       2       4       3       1       0       5       2       6       9       0       3       4       9       2       6       8      10      15      62    1175    8669 
 52860       95       7       3       8       1       1       3       6       9       8       6       5      12      12      10      11      11      14      25      30      67    1477    8274 
 36327       98       4       4       4       7       8       7       8       7      12       7       9       7       9      12       7      19      21      21      35      61    1461    8270 
134619      104       5       4       5       7       6       7       6       4       8      11       8      10       8      11      17      11      22      16      38      89    1538    8169 
125278      106       4       4       5       4       4       5       2       5       3       5       8      10      10       5       9      12      16      15      32      58    1197    8587 
 13870      109       3       5       6      11       9       8       8       4      10      11       5      10      17      12      20      24      27      33      41      77    1670    7989 
 17582      109       3       6       5       6       3       7       5       4       5       5       7       7       6       9      11      15      16      21      26      46    1353    8434 
 15172      112       0       5       5       5       7       5       4       9       4      10      10      12      11      10      10      10      16      18      36      61    1291    8461 
 53785      115       6       5       6       1       8       5       8       5       7       6      10      11      13      11      19      19      14      27      33      52    1285    8449 
  3376      116       8      10       6       4      11       3       8       9      12      15      15      19      17      12      26      12      17      36      48      72    1760    7880 
 33050      117       5       7       5       3       4       4       3       6       5       4       8      11      15      16      14      21      17      25      37      56    1404    8330 
 89722      123      13       9      10       5       7       5      10      14      19       9      21      14      16      19      19      25      28      39      49      82    1740    7847 
 40097      126       4       5       7       8       9       8       7      11      11      14      16      11      11      17      20      22      25      24      47      91    1807    7825 
 16436      131       8      10       6       6       4       9      11      14      10      15      19      17      19      19       9      18      32      28      31      54    1480    8181 
 53751      132       6      12       5       9       9       8       8      11      12      10      13       6      11      11      14      19      12      23      45      57    1377    8322 
 52829      134       7      11      17       8       4      10      11      12       9      11      21      17      15      20      15      12      19      17      44      73    1562    8085 
 21477      134       8       8      14      10      21       9      12      12      13      16      19      24      16      28      24      25      39      39      43      90    1837    7693 
 52670      138      15      10       9      10       6      11       9       7       7       5      16      12      20       7      10      15      16      27      35      65    1538    8150 
 26955      139       5       9       5       6       7       7      11      14      12      12      12      14      10      20      15      15      16      32      36      57    1513    8172 
 14373      140      11       9      16      12      12      11      13      23      12      18      21      19      13      21      24      34      28      40      56      76    1913    7618 
 29793      141      15       7      11      11      10       9      14      13      12      10      20      10       9      13      16      27      20      28      44      74    1550    8077 
  8052      142       8       9      10       6      12       7       6      14       9       8      11       8      17      17      13      17      26      37      32      61    1476    8196 
 26070      147      13      14       9      10      15      16       5      15       9      13      16      16      22      20      25      18      31      37      41      51    1539    8065 
 90274      148       7      11      10      12       9      17      11      20       7      13      17      18       9      17      24      29      23      29      37      65    1633    7982 
 67637      153      12      12      10      14      10      12       7      10      14      10      10      13      19      17      17      34      26      29      42      71    1689    7922 
134510      157      14      16      21       9      18      23      17      16      18      19      27      25      28      35      24      36      31      50      67      87    2038    7381 
 27169      158      11      12       6      15      13      14      10      15      15      12      14      21      25      19      19      32      31      33      55      65    1755    7808 
 25361      162      16      12      21      14      20      21      22      17      27      28      30      33      24      40      41      27      50      49      69      95    2158    7186 
  5173      165      14      13      16      17      21      24      21      22      16      18      19      18      18      29      29      22      27      49      59      67    1831    7650 
 53082      165       8      20      13      17      23      18      16      21      12      13       8      17      24      16      22      20      34      38      42      60    1791    7767 
 53827      168      19      16      11      27      16      26      27      26      27      28      28      27      29      36      41      29      42      49      64     103    2220    7109 
 41004      169      18      16      16      12      17      18      20      19      24      24      23      22      24      28      21      28      35      26      44      63    1828    7674 
 30429      171      14      20      17      14      19      16      21      21      15      17      26      26      17      27      30      36      35      49      58      82    1718    7722 
   844      174      16      14      15      14      16      15      21      23      21      24      19      29      33      25      29      28      36      36      52      52    1726    7756 
  4085      174      13      18      13      18      21      16      17      23      23      22      17      23      24      29      32      37      35      42      44      63    1938    7532 
 53645      174      15      16      15      15      24      19      17      16      23      20      26      16      20      25      20      31      32      37      55      58    1770    7730 
  9894      179      18      21      17      27      15      21      23      20      16      18      20      22      27      20      34      32      33      43      54      76    1759    7684 
 31856      179      15      23      17      15      15      27      28      23      24      16      30      26      21      33      33      34      34      46      41      73    1880    7546 
 52928      180      16      22      20      14      26      15      22      25      23      17      30      20      26      32      37      30      53      39      54      48    1875    7556 
  3228      183      25      19      20      19      29      42      27      22      24      32      28      41      32      38      43      43      52      63      69     118    2332    6882 
 22368      183      12      12      19      31      21      18      23      29      25      22      28      39      33      31      41      37      44      47      45      68    1703    7672 
 70409      190      22      27      22      31      20      32      30      32      22      42      29      29      38      39      47      58      51      68      77      81    2358    6845 
 15156      192      22      14      19      26      21      19      23      23      24      24      24      21      26      24      39      42      41      53      61      60    1992    7402 
   778      195      22      28      25      35      23      36      39      43      31      39      36      37      41      38      50      57      55      56      77      85    2366    6781 
  1446      195      12      21      21      27      21      31      28      28      25      22      40      26      33      40      37      43      35      50      49      56    1936    7419 
 12641      197      26      17      23      19      32      18      26      21      30      23      35      26      30      37      43      37      49      46      58      69    1998    7337 
 22681      197      33      20      22      24      15      23      29      19      24      26      22      39      46      47      38      44      44      43      58      49    1923    7412 
  7534      199      20      17      31      22      13      20      20      25      30      30      29      35      36      35      45      33      49      51      71      74    1936    7378 
  1420      204      24      31      30      33      32      29      26      37      41      40      35      49      48      47      55      48      43      57      78     101    2447    6669 
  9571      207      20      23      15      33      25      26      28      34      20      32      37      28      36      45      37      32      42      47      74      70    2026    7270 
 53769      207      23      28      16      27      21      27      30      29      27      15      38      30      40      41      30      45      50      47      48      64    2096    7228 
  4556      208      27      25      27      17      16      24      22      26      21      23      25      37      35      44      43      44      49      47      53      61    2190    7144 
 53355      209      20      20      22      27      26      33      25      33      29      33      28      35      38      38      45      36      54      45      64      65    2149    7135 
  2873      209      18      19      25      22      27      24      25      28      28      36      38      30      39      39      29      29      43      44      50      54    2026    7327 
  8136      211      28      28      29      29      32      43      25      31      33      34      25      37      52      38      41      55      50      41      54      68    2059    7168 
 25148      212      38      28      23      25      20      36      27      27      32      25      29      34      37      41      32      52      41      58      49      68    2079    7199 
 25437      213      35      37      36      39      40      37      38      42      47      45      44      56      43      55      65      65      66      69      88      85    2498    6470 
 26823      217      21      29      26      23      33      31      16      30      38      25      28      33      30      36      44      33      50      51      68      67    2032    7256 
 29025      219      38      36      39      36      50      56      39      36      35      51      46      49      57      55      53      57      65      82      72      73    2524    6451 
 28506      222      29      32      31      24      29      28      32      46      40      32      39      33      44      33      39      56      46      55      67      71    2068    7126 
 23515      224      35      33      31      28      31      27      33      22      27      38      39      38      36      47      44      35      51      54      51      69    2088    7143 
 27060      224      27      27      21      23      26      24      31      36      44      30      39      29      35      37      44      30      57      38      49      58    2103    7192 
  8433      224      28      27      34      28      35      27      32      31      45      38      39      44      46      25      35      36      36      59      58      57    2039    7201 
  7666      226      42      50      39      55      40      51      55      39      40      39      57      65      65      57      57      58      70      72      76      88    2522    6363 
 20149      227      32      26      26      27      31      31      27      36      37      37      39      39      39      25      32      34      57      48      47      54    2000    7276 
 31815      228      36      39      43      49      49      35      40      41      58      54      50      57      53      76      61      55      71      58      81      79    2525    6390 
 29538      229      39      29      22      35      33      26      30      40      34      34      39      48      46      50      43      47      52      67      59      59    2167    7001 
 52837      233      29      27      38      40      40      31      33      45      44      36      43      25      53      52      44      49      64      60      72      70    2185    6920 
 16048      233      28      36      51      26      31      43      36      43      36      43      45      38      36      36      42      47      56      52      52      72    2229    6922 
 37697      233      46      50      42      57      53      47      55      50      46      66      52      63      52      71      52      81      69      85      80      84    2563    6236 
 21519      238      41      41      43      39      45      49      50      46      53      51      43      54      67      70      65      69      81      81      62      78    2590    6282 
112227      240      42      50      60      52      46      37      49      66      58      55      47      55      54      48      74      67      79      83      95      81    2637    6165 
 25155      243      31      30      35      38      41      27      40      47      36      43      58      47      41      42      54      52      51      67      65      56    2154    6945 
 26641      244      43      35      31      36      42      47      42      45      32      32      41      43      44      45      50      60      59      52      72      67    2234    6848 
 20990      245      35      38      43      34      37      39      41      36      45      46      54      40      43      41      57      65      57      50      50      56    2239    6854 
 27961      245      42      39      31      36      47      43      45      40      39      55      50      50      35      38      43      52      68      63      59      56    2246    6823 
 38125      250      31      34      31      37      27      38      31      40      52      40      41      33      56      47      47      44      59      53      42      58    2140    7019 
 34314      251      47      42      41      38      45      45      45      36      41      40      35      42      37      45      53      46      48      72      52      57    2132    6961 
 42044      251      38      39      44      35      43      44      36      32      54      46      47      52      75      46      52      48      50      57      49      53    2227    6833 
 22640      252      39      48      36      30      43      31      53      39      50      51      53      45      46      49      60      60      67      53      61      57    2335    6694 
 24026      252      33      49      35      46      45      33      28      37      37      43      46      36      46      41      40      38      63      55      54      52    2245    6898 
  6965      253      36      29      31      35      38      38      38      42      36      37      45      53      46      44      45      41      42      48      58      61    2162    6995 
 25114      257      40      37      50      50      55      40      56      51      49      44      54      45      44      58      55      56      46      66      65      55    2210    6774 
 66555      260      45      49      40      44      44      44      48      39      38      43      43      51      63      51      58      57      61      58      53      56    2327    6688 
 16816      261      29      45      37      37      49      42      40      51      37      47      43      42      37      43      57      47      59      77      49      59    2158    6915 
  8961      262      62      51      30      49      39      48      35      49      44      45      40      58      53      54      56      60      69      55      67      44    2441    6551 
  1198      263      52      53      37      35      44      43      45      40      35      43      56      61      40      69      75      68      53      59      58      62    2206    6766 
  8003      264      47      49      52      63      47      46      65      47      76      50      55      58      58      55      54      68      50      64      57      57    2149    6733 
 11056      264      44      43      44      44      46      44      40      45      56      44      58      57      52      48      52      59      62      53      53      52    2188    6816 
 52894      265      53      38      59      51      50      39      49      34      43      38      46      52      61      52      53      46      56      54      75      49    2255    6747 
 11288      265      45      52      53      23      59      41      50      56      65      51      51      37      60      68      57      55      67      62      55      50    2260    6683 
 13433      267      34      35      48      37      50      56      58      48      63      56      53      51      58      54      63      68      58      54      55      58    2300    6643 
  7104      269      32      56      57      62      57      50      48      57      43      47      48      47      46      56      47      55      68      66      65      44    2312    6637 
 29280      269      37      52      47      38      52      58      41      50      45      41      63      53      50      62      61      61      72      57      55      48    2208    6749 
 42341      269      52      44      61      49      40      53      55      63      49      58      52      45      59      42      65      60      54      49      55      51    2498    6446 
 22863      270      48      43      48      53      47      54      48      59      60      58      57      61      48      59      70      60      47      66      63      67    2261    6623 
 12591      271      66      62      63      42      53      51      61      56      68      54      58      57      58      64      68      55      70      76      66      57    2410    6385 
 35345      271      64      64      75      80      84      70      70      58      78      66      81      84      71      74      70      65      77      67      94      76    2814    5718 
 26468      273      53      48      53      44      54      65      53      50      52      59      50      58      52      57      68      51      56      75      62      51    2235    6654 
 25023      274      61      51      51      66      50      42      50      52      58      60      49      53      64      68      41      59      65      61      54      58    2326    6561 
 27722      274      56      48      44      72      50      57      56      55      67      73      50      68      59      67      53      65      64      64      50      59    2382    6441 
  9134      276      40      45      54      43      38      45      47      50      55      56      51      48      38      58      54      39      63      68      60      43    2248    6757 
 19745      277      79      72      78      68      60      78      80      74      68      77      68      75      77      62      80      93      74      69      79      73    2769    5747 
 12849      280      64      59      61      54      63      43      44      67      51      66      70      58      58      63      66      58      57      66      58      58    2458    6358 
 42564      282      57      57      48      51      53      63      63      56      50      68      55      60      55      56      49      57      60      52      52      49    2289    6600 
 25783      282      48      59      75      63      50      55      47      51      60      56      56      51      55      64      51      57      67      53      64      48    2507    6363 
  2782      283      53      52      59      56      49      52      52      42      53      51      63      66      72      71      49      68      61      57      48      57    2196    6673 
  4853      283      56      55      58      65      53      68      64      59      59      44      68      51      53      50      70      66      63      58      63      57    2397    6423 
 33944      285      59      60      57      50      71      64      48      62      46      61      54      55      54      54      73      68      71      61      56      51    2475    6350 
 35659      285      48      40      46      49      50      54      48      52      58      51      58      58      53      50      48      58      48      56      55      51    2308    6661 
 13326      286      44      57      60      50      79      64      69      62      58      50      55      56      50      63      55      65      53      59      64      34    2417    6436 
 17160      286      44      41      50      65      54      54      50      58      61      48      37      66      63      45      70      58      60      63      58      49    2221    6685 
 22764      289      60      57      44      56      54      52      59      48      67      50      65      63      88      69      69      63      60      53      71      63    2364    6425 
 52845      290      49      62      58      63      60      59      61      61      78      56      60      63      58      59      65      67      56      77      62      68    2251    6507 
   919      291      67      65      69      62      59      73      68      57      85      59      74      60      64      74      59      59      74      55      58      48    2397    6314 
  7674      296      65      51      69      63      54      75      55      53      48      68      72      58      61      61      66      62      67      68      61      56    2457    6310 
 12674      299      60      65      70      57      67      64      78      67      68      65      69      63      66      62      79      79      55      72      57      46    2477    6214 
 42366      300      64      53      53      61      65      59      66      59      64      50      59      64      62      49      70      61      55      68      68      58    2262    6530 
  5298      303      72      55      68      72      66      69      63      61      71      68      53      56      73      77      69      62      48      63      70      60    2537    6167 
  4887      306      74      70      70      81      76      70      57      67      64      86      80      76      79      67      65      74      77      74      56      45    2466    6126 
  8219      309      64      79      59      64      74      73      69      76      78      80      80      84      61      64      69      87      70      71      61      36    2424    6177 
 37275      309      57      65      58      69      60      58      61      68      85      78      73      79      80      76      82      65      58      63      59      44    2556    6106 
 10769      310      70      79      78      55      82      72      75      57      61      69      67      82      83      77      71      66      83      59      57      55    2441    6161 
   752      311      67      73      59      68      63      60      44      45      65      66      50      61      64      61      67      57      55      62      62      34    2369    6448 
  7955      311      69      65      63      73      66      89      76      87      67      59      58      70      83      54      83      58      68      71      54      56    2436    6195 
 20008      311      74      59      73      79      60      63      64      66      75      68      74      75      64      78      54      72      69      49      51      45    2435    6253 
 30932      311      63      83      59      70      64      69      73      68      58      86      57      68      60      73      64      70      80      69      60      47    2460    6199 
   208      312      90     102      80      90      69      95      93     104      82     102      80      99      89      96     113     101      88      81      66      52    2889    5339 
 20297      312      53      70      78      67      66      67      69      72      68      69      69      82      90      79      73      77      73      63      62      39    2471    6143 
 38893      312      70      70      77      56      59      69      72      70      68      83      69      79      56      66      69      70      70      77      67      50    2502    6131 
 32607      314      62      69      70      68      73      63      81      71      73      78      63      70      70      70      72      75      77      71      58      47    2510    6109 
 31898      315      73      78      64      61      71      71      65      71      49      56      59      53      62      57      76      73      55      73      59      38    2305    6431 
 40071      317      91      82      85      60      66      70      72      69      72      62      68      56      91      69      60      72      73      89      54      43    2521    6075 
 27771      318      74      71      82      83      65      77      77      75      84      90      76      65      70      71      75      61      75      65      74      45    2479    6066 
  8532      319      78      71      67      67      80      83      89      76      89      68      85      80      77      87      67      83      70      80      55      51    2565    5932 
146480      319      74      64      83      61      80      79      61      74      71      80      67      79      83      72      85      80      77      60      60      39    2509    6062 
 53256      320      75      87      66      84      80      81      95      75      66      91      82      75      67      80      75      88      71      73      62      45    2567    5915 
 10439      323      72      71      89      68      83      72      89      91      81      90      78      73      92      91      73      70      59      60      52      48    2591    5907 
  2139      324      64      72      76      74      64      77      75      71      75      74      72      76      64      75      79      73      78      63      61      44    2615    5978 
 17285      328      71      74      95      73      70      88      84      74      90      89      89      91     101      86      64      85      80      64      59      39    2509    5925 
 10926      333      92      71      95      86      95      72      76      84      84     103      96      96      68      89      81      78      69      79      51      39    2600    5796 
 14100      335     112     101     101      98     117     107     126      98     107     105      93     121     100     107      93      98      78      99      75      70    2925    5069 
 37911      337      78      85      82      89      77      90      96      91      90      79      88      65      71      86      88      68      77      61      75      31    2417    6016 
 12450      339      81      98      88      90      79      94      89      70      82      95      71      70      79      79      77      65      79      57      60      40    2665    5792 
 34793      340     100      92      82      88      78      94      96      98      88     113      90      85      84      98      75      59     102      82      57      49    2363    5927 
 71001      341      89      81      77     101      83      98      82      95      92      92      90      81      69      84      76      81      71      68      76      34    2658    5722 
 29454      346     102      79      90      90      94      99      88      84      92      96      80      89      78      77      77      97      69      79      61      47    2601    5731 
 10884      347     103      96      77      97      94      73      83      83      87     100     111      94      87      83      88      80      73      63      65      53    2523    5787 
 13243      352      93      66      82     108      78      93      82      87      90      77      91      98      82      88      76      85      69      63      61      37    2664    5730 
 28894      353      76      88      95      83      90      93      81     101     105      82      78      80      81      90     104      71      72      65      60      40    2438    5927 
   935      357      86      80      79      91      94      88      82      73      92      91      82      93     102      82      94      75      84      67      64      31    2757    5613 
 25080      359     104      95     113      86     102      94      90     102      88     106      79      75      91      72      97      73      62      67      49      40    2537    5778 
 31732      360      83      91      89      85      89      94      80      88      81      86      97      81      99      81      62      73      72      68      60      38    2418    5985 
  8342      361     115      87      84      89      91      97      88      93     114      90      84     100      81      87      79      85      67      67      48      43    2632    5679 
 38760      361      78     112      87      77      75      83      89      73      89     103      77      85      83      64      79      98      47      55      45      46    2506    5949 
 34264      370      92     118      98     111     117     115      95     119     104      95      92      88     101      88      75      78      81      66      53      40    2409    5765 
 53900      373     133     148     122     128     143     131     135     149     119     124     136     109     127     114     112     106      98      84      80      40    2964    4698 
 17194      385     114     133     123     128     140      91     114     114     107     117     106     118     113     106      83      91      83      75      65      41    2385    5553 
 52902      385     121     110     125     119     113     140     127     102     107     123     122     105      98      74     106      90      76      73      63      36    2375    5595 
 38414      390     127     135     125     126     123     120     125     114     116     120     109      97      96     113      69      91      78      71      62      34    2644    5305 
 19216      395     120     127     114     110      84     117     128     117     107      93     104     102      89      80      83      72      77      63      43      31    2633    5506 
 17491      399     114     108     120     102     111     104     112     125     102      98      99     101      94      97      79      69      60      61      42      38    2676    5488 
  2576      403     131     123     133     125     119     104     105     146     111     128     113     105     110     104      99      88      96      74      53      34    2504    5395 
 42572      410     196     159     158     160     177     164     147     155     144     130     144     128     106     132     113     105      77      73      67      30    3011    4424 
  2436      414     144     120     124     124     118     101     124     117      99     109     115     106     101      83      91      85      75      52      42      25    2602    5443 
  6858      415     132     130     109     112     134     113     111     112     102      95      93     118     112      87      82      71      50      72      51      26    2545    5543 
 37846      416     124     126     128     122     141     125     102     106     115      97     111      95      85     104      74      76      63      52      53      30    2556    5515 
 52704      421     163     159     167     170     150     131     141     115     120     117     109     110     119     104      86      85      84      68      54      34    2415    5299 
 41202      423     127     155     129     123     126     116     114     125     122     120     110      95      99     101      79      79      88      60      52      35    2734    5211 
 98590      427     169     188     184     175     159     189     186     158     132     167     143     138     141     117     135     108     101      81      73      28    2998    4230 
 52910      431     155     153     153     129     120     137     142     157     115     142     120     133     116      99      99      91      64      59      41      34    2596    5145 
 40683      443     156     151     159     155     163     147     157     127     140     118     137     144     101     113      89     101      76      61      47      22    2728    4908 
 52969      458     166     176     175     168     193     171     141     140     151     125     130     118     113     124      96      93      69      60      36      35    2883    4637 
122697      459     192     161     164     177     161     167     163     137     149     132     118     123     108      89      94     100      85      57      51      41    2621    4910 
 20446      464     176     164     164     180     170     170     154     145     140     129     141     114     133     118     105      91      75      55      46      29    2543    4958 
 12039      494     198     225     211     206     181     169     186     171     145     139     136     124     104     107     110      91     104      64      31      12    2555    4731 
 52993      497     213     174     203     237     169     168     166     154     152     152     157     115     112      93     106      97      59      58      41      19    2658    4697 
 53207      512     204     195     185     196     190     146     193     175     180     132     131     137     107     111      85      82      65      54      25      20    2723    4664 
