  1883       65       0       4       1       1       2       1       1       1       3       0       4       4       3       3       3       5       6       3      10      46    1002    8897 
126144       86       0       3       1       2       3       3       4       5       6       1       5       7       7       3       8       6       6      22      17      61    1246    8584 
 26765       93       0       2       6       3       5       5       7       4       6       6       7       4       5       7       4      10       9      19      19      42    1158    8672 
134619      104       5       1       5       3       3       4       2       2       7       7       8       8       9      12      14      13      11      27      30      63    1397    8369 
125278      106       3       6       5       7       1       4      12       5       4       6       7      10       4       9       7      12       8      18      29      54    1208    8581 
 15172      112       3       2       3       6       8      10       7       7       5       6       6      15      10       9      15      11      17      16      30      38    1320    8456 
 53686      115       7       6       7       3       6       7       4       8       5       7       7      10      11       8       9      10      12      18      25      67    1290    8473 
 53785      115       4       4       6       7       9       6       7      11       8       8       5      12      10      16      13      13      24      39      48      67    1622    8061 
 33050      117       9       9       5      10       7      10      12       8      13      10      12      11       9      16      10      13      25      25      38      65    1574    8109 
 89722      123       7       4       5       5       7       5       8       6      12      17      15       9       5      12      11      10      17      22      39      60    1382    8342 
 16568      128       5      10       8       3       6       8       8       7       9       9      12      15       7      21      18      16      21      27      38      57    1486    8209 
 16436      131       5       8       8       8       6       8       8      14       9      14       7      14      11      20      22      26      21      29      39      74    1630    8019 
 53751      132       9       8       7      10       6      11       5      13      11       8       9      11      12       9      23      18      15      32      39      66    1556    8122 
 52829      134      10       8      10       3       7       3       9      10      15      13      17      14       8      15      17      14      22      21      44      60    1498    8182 
 21683      138       8      14      12       5       8      18      11      12      10      12      11      13      19      18      24      32      28      28      53      79    1840    7745 
 52670      138      12       8       7      13       5       6      16      12      12      10      16      18      18      18      19      14      19      21      37      70    1712    7937 
 14373      140      11      10      11      11       7      10      10      12      18      11      13      16      15      21      15      27      26      37      52      97    1647    7923 
 29793      141       5       8       9       4      13       7       7      11      10      17      10      20      12      26      18      16      27      24      43      73    1581    8059 
  8052      142      10       7       8      10      11      14      10      12       7      10      17      26      13      15      21      22      24      36      50      71    1671    7935 
  6502      144       5       8       5       7      11       8      14      13      11      16      12      15      15      17      22      22      24      36      33      77    1764    7865 
 67546      147       8       9       7       6      13       4      15      13      10       9      15      14      14       7      18      19      26      31      47      84    1566    8065 
 26070      147      17       8      12       4      11       8      12      16      14      15      13      12      15      22      13      14      25      33      35      77    1600    8024 
 90274      148      17       9      12      11       7      15      12      20      14      15      19      14      19      22      20      25      26      40      35      64    1673    7911 
  3640      149      10       8       7      11      15       9      13      20      12      16      18      18      17      23      31      24      24      32      34      79    1557    8022 
 12377      153      11      11       8      12       3      15       9      13      11      16      14      20      23      18      29      32      28      34      50      66    1795    7782 
134510      157       9      10      11      20      16      21      12      12      12      23      21      28      18      16      22      32      37      38      36      53    1821    7732 
 25361      162       8      12      14       6      14      13      15      16      11      10      12      14      12      18      24      19      35      48      39      56    1712    7892 
  5173      165      13      15      18      19      14      14      14      11      14      18      17      25      24      17      23      28      26      41      58      69    1815    7707 
 53082      165      13      15      14      25      14      26      17      18      26      18      21      26      24      34      31      30      45      51      40      66    1824    7622 
 26112      165      13      15      13      13      12      21      13      13       7      13      17      25      16      25      26      24      26      35      49      54    1688    7882 
 53827      168      16      18      10      12      12      19      22      18      13      19      15      26      24      24      20      31      39      30      53      60    1795    7724 
 41004      169      12      23      17      20      16      10      15      13      20      24      16      20      18      22      19      27      37      34      50      73    1736    7778 
 30429      171      12      11      23      15      13      19      16      16      20      19      18      19      29      27      23      29      33      58      44      70    1671    7815 
   844      174      12      13      14      13      14      16      17      26      20      20      18      24      20      26      30      34      41      47      53      50    1804    7688 
  4085      174      17      15      15      19      25      17      15      16      21      23      19      21      26      29      39      19      30      37      48      75    1740    7734 
 53645      174      16      11      24      17      19      23      27      17      25      16      21      27      32      24      26      31      34      40      42      81    1844    7603 
 29074      176      15      12      19      18      12      13      26      26      17      23      21      22      24      28      22      27      17      38      58      71    1848    7643 
  9894      179      22      18      13      17      20      18      23      28      21      31      29      35      30      28      29      33      40      46      68      68    2088    7295 
 31856      179      21      11      24      14      20      18      26      16      15      33      25      24      34      22      36      33      37      37      43      69    1708    7734 
 52928      180      16      16      20      24      24      12      18      19      14      18      18      25      28      23      23      25      29      44      55      80    1906    7563 
  3228      183      15      15      23      21      23      25      24      16      18      21      27      25      31      38      30      40      34      33      54      67    1943    7477 
 22368      183      15      23      14      32      18      24       8      16      20      28      26      32      32      27      33      43      29      49      48      65    1932    7486 
 17798      188      24      19      31      26      22      23      24      28      26      26      19      23      33      35      47      41      33      58      56      71    2075    7260 
 70409      190      22      15      15      24      21      22      22      23      21      21      40      30      35      38      33      27      34      30      47      61    1906    7513 
 15156      192      28      26      24      22      27      32      25      28      34      25      23      23      33      48      54      37      40      55      56      82    2275    7003 
 34090      194      27      22      27      16      22      18      28      23      23      22      34      20      33      33      31      44      61      47      58      85    2065    7261 
   778      195      17      23      25      19      13      30      30      25      31      21      27      32      32      43      28      52      38      48      74      64    2077    7251 
  1446      195      20      23      19      17      21      21      27      20      25      26      30      44      37      44      32      45      35      57      55      86    1881    7435 
 12641      197      18      24      22      21      25      18      28      20      35      24      32      29      34      37      48      41      44      56      47      65    1942    7390 
 22681      197      25      19      19      14      26      24      19      33      27      35      29      24      36      38      25      41      40      42      73      62    1877    7472 
  7534      199      24      30      25      25      23      23      27      21      35      24      25      32      33      40      27      39      43      54      53      54    1950    7393 
  1420      204      23      26      25      22      30      30      25      35      46      32      32      36      43      45      40      44      52      53      65      85    2158    7053 
  9571      207      17      32      26      23      23      28      27      31      37      42      43      43      37      34      41      53      33      60      69      79    2170    7052 
 53769      207      20      29      28      29      27      30      28      27      34      33      35      35      32      33      35      36      44      62      60      62    2178    7103 
  4556      208      26      25      26      22      33      26      34      32      37      30      34      40      27      28      46      42      36      46      52      75    2174    7109 
 11502      209      21      19      28      20      22      26      20      30      18      32      35      24      29      43      37      49      49      45      55      76    2083    7239 
 53355      209      23      27      23      26      23      22      30      26      26      34      23      33      33      45      48      44      47      44      64      71    1989    7299 
  2873      209      36      32      31      27      43      32      38      33      35      31      35      43      36      46      36      37      42      41      60      69    2162    7055 
 35584      212      30      28      32      27      34      33      28      38      21      37      32      37      40      30      48      46      54      50      61      67    2113    7114 
   450      213      33      31      39      29      35      28      23      30      30      24      37      36      51      41      39      47      55      50      66      71    1999    7206 
 25437      213      25      23      29      27      26      31      34      32      41      31      41      32      31      35      44      43      41      63      53      67    2023    7228 
 26823      217      30      37      32      31      42      27      37      33      33      39      42      44      33      28      49      49      54      51      58      73    2212    6966 
 35220      218      25      27      39      29      28      34      37      28      31      40      36      41      30      38      37      54      47      61      76      56    2198    7008 
 29025      219      22      30      35      34      37      32      27      38      46      30      48      43      40      47      53      53      44      52      83      62    2217    6927 
 28506      222      40      42      32      33      52      52      39      52      37      43      45      37      51      54      50      61      69      77      72      82    2397    6583 
 23515      224      42      24      29      31      26      38      30      42      43      26      40      42      28      45      43      56      58      56      57      75    2257    6912 
 27060      224      29      26      26      15      37      29      34      35      41      33      36      60      39      25      39      41      47      50      58      71    2071    7158 
  7666      226      28      29      36      32      26      36      40      36      30      34      26      43      43      39      43      48      45      62      56      54    2067    7147 
 20149      227      35      33      40      37      34      47      37      32      44      45      40      52      48      41      56      51      57      73      63      74    2040    7021 
 29538      229      33      34      39      35      31      31      45      46      38      43      38      48      38      52      48      54      60      61      74      71    2243    6838 
    67      233      29      35      31      38      32      41      46      46      45      51      41      34      54      61      39      43      57      54      55      51    2144    6973 
 37697      233      35      36      30      39      36      34      45      36      48      33      45      44      46      32      53      51      60      56      66      50    2123    7002 
112227      240      44      33      41      45      46      36      41      32      37      50      57      46      62      50      50      51      57      59      60      76    2376    6651 
 25155      243      31      37      41      40      38      38      38      44      41      46      51      52      41      52      46      47      52      45      53      52    2187    6928 
 26641      244      62      50      43      50      36      50      52      58      55      68      43      49      63      54      85      68      62      72      82      77    2527    6294 
  2501      245      42      35      47      45      47      45      45      42      44      42      50      48      52      52      49      48      55      55      55      59    2132    6911 
 20990      245      30      41      45      42      39      42      44      50      39      41      62      49      53      49      55      64      69      67      74      69    2376    6600 
 10173      250      33      39      34      45      49      45      48      58      47      60      47      53      63      47      44      55      68      55      56      66    2331    6657 
 38125      250      38      45      46      42      41      44      36      43      36      46      34      45      43      44      45      46      51      45      49      48    2213    6920 
 34314      251      51      38      57      33      41      38      45      50      41      48      45      46      49      43      51      50      69      62      61      66    2250    6766 
 42044      251      34      37      41      28      46      36      43      47      39      44      49      51      57      51      45      46      54      55      51      68    2277    6801 
 22640      252      48      47      42      44      37      46      33      42      45      52      39      60      54      57      37      54      55      65      73      67    2316    6687 
 24026      252      40      41      47      45      77      48      42      42      49      44      63      50      56      47      64      64      77      62      67      60    2569    6346 
  6965      253      49      47      49      58      55      39      38      46      46      45      48      45      44      67      69      48      57      63      50      52    2288    6697 
 11478      253      47      32      44      51      31      47      43      37      52      54      51      39      44      59      63      44      60      56      59      52    2128    6907 
 25114      257      46      49      53      51      61      51      53      49      47      58      66      62      59      72      52      61      60      71      68      75    2345    6491 
 66555      260      40      47      51      53      52      54      45      42      45      56      36      43      46      60      61      45      71      57      70      50    2211    6765 
 16816      261      62      60      54      55      74      50      54      67      63      62      69      62      52      75      70      64      65      59      74      57    2397    6355 
 35204      261      51      48      50      45      42      44      47      39      43      45      54      46      62      59      45      78      47      74      59      57    2295    6670 
  8961      262      55      43      40      41      47      51      36      48      46      40      33      55      55      57      49      51      57      80      63      44    2216    6793 
  1198      263      43      59      32      42      47      48      49      54      60      56      40      66      51      40      49      46      68      55      60      83    2389    6563 
  8003      264      62      41      35      54      47      47      59      46      45      41      46      57      62      51      56      63      66      46      46      45    2232    6753 
 11056      264      37      45      44      57      44      49      44      54      57      63      51      66      55      60      56      61      59      59      69      66    2187    6717 
 52894      265      59      54      63      52      69      62      56      64      63      53      62      59      72      55      46      59      68      83      70      47    2448    6336 
 11288      265      55      34      47      49      52      50      47      38      50      47      38      54      60      52      52      55      46      58      55      65    2208    6788 
 13433      267      49      48      38      53      40      45      42      49      49      57      47      51      63      48      61      56      57      52      55      42    2290    6708 
  7104      269      55      49      46      52      52      58      44      58      45      59      46      45      53      47      64      66      60      57      62      39    2328    6615 
 29280      269      34      60      56      45      47      63      46      52      47      43      50      43      62      58      54      67      66      75      64      40    2203    6725 
 42341      269      41      54      51      55      73      65      63      66      47      73      72      68      69      60      69      87      62      53      68      56    2454    6294 
 22863      270      48      54      47      46      56      41      46      52      38      52      71      56      50      54      54      50      78      61      61      46    2244    6695 
 26468      273      59      61      64      72      70      65      74      82      59      77      62      59      69      68      61      74      71      78      78      59    2695    5943 
 25023      274      53      58      64      46      50      49      52      55      63      65      49      68      65      59      61      64      62      52      72      59    2280    6554 
 27722      274      55      59      64      61      85      51      44      69      71      61      73      61      70      85      72      79      70      77      70      55    2444    6224 
 26567      275      47      63      43      49      39      45      47      69      46      63      51      57      64      49      65      84      69      66      43      50    2221    6670 
  9134      276      44      49      51      61      52      54      53      56      55      59      54      66      66      66      57      68      75      56      73      51    2177    6657 
 19745      277      58      50      53      47      56      40      55      56      48      63      68      52      52      71      62      66      44      69      63      56    2291    6580 
 14092      279      64      58      54      53      54      68      46      70      56      49      61      52      66      54      69      67      63      74      50      60    2421    6391 
 12849      280      63      62      67      75      61      71      67      54      47      69      85      75      79      63      63      76      81      59      63      63    2452    6205 
 42564      282      44      52      50      50      51      57      51      73      56      74      65      57      65      67      80      65      68      71      67      53    2359    6425 
 25783      282      47      56      57      69      43      58      59      57      48      78      61      59      53      63      67      63      65      68      59      59    2293    6518 
  2782      283      59      65      65      64      61      58      62      71      69      74      68      74      71      71      75      73      68      76      71      63    2429    6213 
  4853      283      68      50      63      52      46      66      59      57      72      56      61      64      59      62      83      67      72      59      67      61    2245    6511 
 33944      285      65      76      53      62      56      71      54      63      64      73      78      60      84      61      55      54      65      75      62      62    2483    6224 
 35659      285      60      70      59      77      63      74      63      79      88      85      72      73      81      81      83      63      77      86      74      51    2652    5889 
 13326      286      77      57      49      64      54      62      56      64      65      48      78      68      71      60      65      72      55      55      65      44    2536    6235 
 17160      286      63      59      56      53      58      52      49      68      57      67      60      64      89      61      69      61      70      85      66      59    2485    6249 
 22764      289      64      54      60      64      39      61      64      72      75      63      68      68      65      66      65      69      55      64      59      54    2545    6206 
 52845      290      74      60      63      60      73      69      69      70      71      57      64      58      50      74      58      56      68      56      73      50    2348    6379 
   919      291      65      60      59      56      78      60      60      45      56      54      74      74      73      67      58      70      58      69      63      58    2243    6500 
  7674      296      62      45      43      67      66      56      67      53      50      62      67      53      58      74      72      71      73      70      64      39    2448    6340 
 12674      299      58      59      71      77      51      70      62      56      60      50      66      62      83      52      63      80      65      53      56      51    2424    6331 
 42366      300      70      58      64      56      57      60      63      70      55      63      67      58      68      68      68      76      52      55      54      44    2351    6423 
  4861      301      69      77      63      50      69      61      53      57      69      65      74      59      69      49      69      76      72      73      54      37    2353    6382 
  5298      303      76      85      76      82      75      70      88     100      77      94      79      80     110      82      71      78      77      86      78      64    2728    5644 
  4887      306      56      62      59      67      66      82      50      51      55      74      43      76      79      71      64      62      68      62      67      36    2402    6348 
 37275      309      52      63      70      59      51      74      77      72      78      88      69      67      67      71      64      67      64      68      47      54    2514    6164 
 10769      310      62      65      71      68      86      77      73      74      83      77      80      75      69      59      83      68      63      73      57      55    2382    6200 
   752      311      69      59      68      72      66      62      84      68      73      76      68      56      69      75      68      62      64      67      53      52    2512    6157 
  7955      311      71      68      58      75      80      71      77      68      79      67      75      64      82      64      79      84      64      63      60      50    2384    6217 
 20008      311      83      65      76      78      92      78      62      78      68      77      66      74      71      65      79      63      78      74      65      45    2401    6162 
 30932      311      63      65      60      62      59      76      73      79      85      78      66      61      63      85      86      78      78      68      57      48    2598    6012 
   208      312      69      71      79      72      56      77      81      79      82      69      83      69      85      80      56      69      76      70      53      41    2547    6036 
 20297      312      55      73      78      88      91      82      80      91      78      94      71      59      91      68      80      85      77      64      58      58    2631    5848 
 38893      312      70      86      86      70      61      75      93      60      81      74      78      65      71      80      74      74      66      60      61      49    2408    6158 
 21816      313      83      87      65      77      68      65      53      58      73      67      73      75      75      79      74      79      76      63      57      42    2630    5981 
 32607      314      65      75      55      75      81      72      64      69      80      69      71      63      71      68      78      70      83      64      57      46    2567    6057 
 31898      315      74      93      81      84      76      77      67      64      70      74      88      52      90      91      86      61      65      50      66      58    2332    6201 
 40071      317      67      62      68      62      77      66      53      91      67      63      79      70      68      79      71      73      72      48      62      38    2359    6305 
 27771      318      69      70      79      74      84      78      68      69      83      92      56      64      84      72      71      69      83      57      53      42    2516    6067 
  8532      319      58      94      77      80      89      76      78      72      65      85      85      82      83      91      75      79      69      68      68      55    2413    6058 
146480      319      68      84      87      87      92      65     115      65      88      76      71      87      86      76      55      94      76      71      80      49    2707    5721 
 53256      320      83      89      77      70      85      93      65      80      73      86      79      80      73      77      73      62      75      82      66      56    2674    5802 
 10439      323      84      68      93      95     102      78      74      72      97      86      79      85      68      80      76      77      72      80      56      44    2563    5871 
  2139      324      88      78      69      76      84      78      76      82      71      66      81      74      87      71      72      78      71      67      57      41    2404    6129 
 17285      328      82      65      84     112      90      87      77      81      90      76      96      94      93      84      80      93      77      67      71      45    2594    5762 
 10926      333      78      70      82      93      80      84      84      79      88      90      73      97      81      92      66      77      69      77      65      42    2710    5723 
 14100      335      93      86      80      94      91      73      94      66      89      77      88      79      73      88      85      70      64      59      44      48    2501    5958 
 37911      337      73      83      75      88     103      84      74      74      72      76      85      81      72      77      74      72      58      73      60      42    2444    6060 
 12450      339     120      82      86      86      80      81      95      81      91      89      98      78      81     109      67      75      91      54      68      36    2729    5623 
 34793      340      70      89      87      85      88      87      84     100      73      83      86      79      71      75      95      68      84      58      49      47    2742    5700 
 71001      341      71      85      98      79      80      92      83      79      78      86      81      77      62      87      78      71      75      57      56      52    2486    5987 
 29454      346     118     118      97      91      87      90      93     100      93     104      99     100      87      80      91      80      92      62      60      48    2660    5550 
 10884      347     104      75      93      83      81      91      87      84     100      79      83      85      62      75      84      84      71      69      62      35    2729    5684 
 13243      352     112      95      82     114     100     105     106     106     123      88     103      90      92      90      77      86      87      65      61      54    2823    5341 
   935      357     122      95     117     121     111      98     119     115      98      99     104     100      90      85      96      89      94      76      77      48    2829    5217 
 25080      359      87     100      85      96     108     105     113      81      95      90      82      97      64      83      80      85      73      60      64      29    2657    5666 
  8342      361      98     107     100     107      92     108      99      98     103     112     102      95      97     100      96      77      77      72      59      32    2595    5574 
 38760      361     102      97     107      95      82      74      97      93      88      88      93      81      95      87      91      79      69      76      54      42    2441    5869 
 34264      370      91     134     106     119     105     101     114     120     102      84      99      99     101      94      83      75      84      68      52      28    2513    5628 
 53900      373     108     115     117     118     124     103     129     104     103      89     107     107     107      92      97      87      79      58      58      39    2761    5298 
 17194      385     131     114     138     107     100     103     105     117     103     139      94      94      86      96     100      83      74      73      46      43    2653    5401 
 38414      390     124     100     118     125     115     120     117      98     105     111     119     122     114      92     113      91      96      70      49      34    2536    5431 
 24372      394     137     115     109     122     110     115     136     117     109      89     110     102      89      99      86      69      75      62      49      36    2625    5439 
 19216      395     119     126     124     109     131     142     131     101      98     120     119     119     109     100      74      99      74      72      52      31    2522    5428 
 17491      399     135     143     134     125     110     104     105     116     118     101      96     103      79      91      91      82      53      68      38      34    2696    5378 
  2576      403     136     129     133     149     136     129     122     137     134     107     116     101     107      88     115      98      65      68      40      41    2793    5056 
 42572      410     130     136     139     111     123     125     139     113     115     120     101      91      96      92     102      70      76      71      49      22    2626    5353 
 40931      413     155     156     134     140     117     144     132     129     124     127     126     117     109      90      91      78      71      69      47      33    2671    5140 
  2436      414     165     131     121     112     140     141     145     121     125     120     105     112      97      91      98      84      62      63      52      26    2602    5287 
  6858      415     148     171     169     157     150     146     152     143     148     123     131     122     132     132     109     108      98      70      65      27    2943    4556 
 37846      416     109     112     156     124     126     135     129     134     127     121      97     122      91     108      85      78      83      74      53      30    2694    5212 
 41202      423     173     136     166     132     125     152     142     140     132     118     119     134      84     107      95      77      71      67      61      30    2765    4974 
 98590      427     145     146     156     140     142     132     149     149     112     112     123     125     115      87      95      92      73      58      54      20    2766    5009 
 52910      431     146     158     139     153     128     144     108     117     118     120     108     120     111      88     100      76      81      64      37      35    2649    5200 
 40683      443     152     148     152     151     148     154     151     127     140     119     105     108     106     111      93      83      63      71      34      19    2631    5134 
 52969      458     222     212     200     217     188     182     169     182     178     155     164     131     121     107     117     105      95      62      74      39    2900    4180 
122697      459     188     185     149     173     172     141     152     143     129     144     132     106     100     108     103      94      90      55      43      21    2661    4911 
 20446      464     193     202     179     151     165     175     176     151     168     107     134     124     105     110      92      89      88      65      56      28    2770    4672 
 52993      497     198     235     204     182     178     176     183     159     168     132     143     120     114     118      91      83      75      51      36      23    2680    4651 
 53207      512     193     208     209     203     212     189     185     157     187     170     130     151     115      99      85      75      63      54      33      21    2623    4638 
